[gd_scene load_steps=8 format=3 uid="uid://cndd3ks4vkk0t"]

[ext_resource type="PackedScene" uid="uid://b7yesl1getc7r" path="res://Objects/player.tscn" id="1_a02cp"]
[ext_resource type="Material" uid="uid://di16i85s8n3gf" path="res://Materials/CheckerGrass.tres" id="2_go701"]
[ext_resource type="Script" uid="uid://daepbqqygqty6" path="res://Scenes/camera.gd" id="3_5a7ea"]
[ext_resource type="PackedScene" uid="uid://hkot4a21y65c" path="res://Objects/ramp.tscn" id="4_8j60k"]

[sub_resource type="ProceduralSkyMaterial" id="ProceduralSkyMaterial_go701"]

[sub_resource type="Sky" id="Sky_5a7ea"]
sky_material = SubResource("ProceduralSkyMaterial_go701")

[sub_resource type="Environment" id="Environment_8j60k"]
background_mode = 2
sky = SubResource("Sky_5a7ea")

[node name="World" type="Node3D"]

[node name="Player" parent="." instance=ExtResource("1_a02cp")]
transform = Transform3D(1, 0, 0, 0, 1, 0, 0, 0, 1, 0, 1.5083902, 0)

[node name="CSGCombiner3D" type="CSGCombiner3D" parent="."]
use_collision = true

[node name="CSGBox3D" type="CSGBox3D" parent="CSGCombiner3D"]
transform = Transform3D(1, 0, 0, 0, 0.99727976, 0.07370817, 0, -0.07370817, 0.99727976, 0, -62.84899, -630.72943)
size = Vector3(134.98071, 18.970703, 1346.0144)
material = ExtResource("2_go701")

[node name="WorldEnvironment" type="WorldEnvironment" parent="."]
environment = SubResource("Environment_8j60k")

[node name="DirectionalLight3D" type="DirectionalLight3D" parent="WorldEnvironment"]
transform = Transform3D(0.8660253, -0.12940955, 0.48296297, -0.482963, -0.46650642, 0.74102545, 0.12940955, -0.87500006, -0.46650645, 0, 3.2991993, 0)
shadow_enabled = true

[node name="Camera3D" type="Camera3D" parent="." node_paths=PackedStringArray("player")]
transform = Transform3D(1, 0, 0, 0, 0.8660254, 0.49999997, 0, -0.49999997, 0.8660254, 0, 6.5402436, 5.2124605)
script = ExtResource("3_5a7ea")
player = NodePath("../Player")
followspd = 10.0

[node name="Ramp" parent="." instance=ExtResource("4_8j60k")]
transform = Transform3D(1, 0, 0, 0, 1, 0, 0, 0, 1, 0, -9.554476, -58.373245)

[node name="Ramp2" parent="." instance=ExtResource("4_8j60k")]
transform = Transform3D(1, 0, 0, 0, 1, 0, 0, 0, 1, 33.78765, -21.421524, -216.2422)
