[gd_scene load_steps=24 format=3 uid="uid://by02snxh2xedr"]

[ext_resource type="Material" uid="uid://c2r7yefsylpqp" path="res://Materials/Bricks.tres" id="1_16i5s"]
[ext_resource type="Material" uid="uid://c524r43urqh1v" path="res://Materials/Carpet.tres" id="2_veolm"]
[ext_resource type="Material" uid="uid://ds30ey2pkgut8" path="res://Materials/Grass.tres" id="2_xvof0"]
[ext_resource type="Script" uid="uid://daepbqqygqty6" path="res://Scenes/camera.gd" id="3_x618d"]
[ext_resource type="PackedScene" uid="uid://ddtmob8xtdrl6" path="res://UI/RaceUI.tscn" id="4_tqbhu"]
[ext_resource type="PackedScene" uid="uid://cfcepkmo2md11" path="res://Objects/meeple.tscn" id="4_vodk8"]
[ext_resource type="Texture2D" uid="uid://c3vimms87tjyt" path="res://Textures/fillerBG.png" id="5_lu0yc"]
[ext_resource type="Script" uid="uid://d30p27ii7dudq" path="res://Scenes/Courses/filler_bg_scroll.gd" id="6_wby5b"]
[ext_resource type="Script" uid="uid://dirloat7rwshx" path="res://Scenes/Courses/player_init.gd" id="7_xhjsa"]
[ext_resource type="AudioStream" uid="uid://c1p3trwau4co6" path="res://Audio/Music/Blizzard Peaks (Act1 & 2 Mix).mp3" id="8_mkbso"]
[ext_resource type="Script" uid="uid://b1vhg3lncnwdo" path="res://Scenes/Courses/checkpoint.gd" id="9_bmxr1"]
[ext_resource type="Script" uid="uid://dv340etc0ar8e" path="res://Scenes/Courses/deathplane.gd" id="10_c1f2k"]
[ext_resource type="PackedScene" uid="uid://hkot4a21y65c" path="res://Objects/ramp.tscn" id="13_x618d"]
[ext_resource type="PackedScene" uid="uid://c6xq7a5vqye42" path="res://Objects/tree.tscn" id="14_tqbhu"]

[sub_resource type="ProceduralSkyMaterial" id="ProceduralSkyMaterial_go701"]
sky_top_color = Color(0.18879999, 0.26904002, 0.59, 1)
sky_horizon_color = Color(0.37283787, 0.63693804, 0.89717954, 1)
ground_bottom_color = Color(0.078431375, 0.52156866, 0.36862746, 1)
ground_horizon_color = Color(0.37254903, 0.63529414, 0.8980392, 1)

[sub_resource type="Sky" id="Sky_jdjlm"]
sky_material = SubResource("ProceduralSkyMaterial_go701")

[sub_resource type="Environment" id="Environment_8j60k"]
background_mode = 2
sky = SubResource("Sky_jdjlm")

[sub_resource type="ViewportTexture" id="ViewportTexture_540df"]
viewport_path = NodePath("SubViewport")

[sub_resource type="ViewportTexture" id="ViewportTexture_s6hkt"]
viewport_path = NodePath("SubViewport2")

[sub_resource type="ViewportTexture" id="ViewportTexture_jdjlm"]
viewport_path = NodePath("SubViewport3")

[sub_resource type="ViewportTexture" id="ViewportTexture_tjfqf"]
viewport_path = NodePath("SubViewport4")

[sub_resource type="BoxShape3D" id="BoxShape3D_x6fwp"]
size = Vector3(3624.4392, 1698.4435, 293.62524)

[sub_resource type="BoxShape3D" id="BoxShape3D_tqbhu"]
size = Vector3(100000, 100, 100000)

[node name="World" type="Node3D"]

[node name="CSGCombiner3D" type="CSGCombiner3D" parent="."]
transform = Transform3D(1, 0, 0, 0, 1, 0, 0, 0, 1, 0, 1338.6907, 0)
use_collision = true

[node name="CSGBox3D" type="CSGBox3D" parent="CSGCombiner3D"]
transform = Transform3D(1, 0, 0, 0, 0.99727976, 0.07370817, 0, -0.07370817, 0.99727976, 0, -89.38953, -510.45877)
size = Vector3(313.67212, 89.63721, 1110.0398)
material = ExtResource("1_16i5s")

[node name="CSGBox3D15" type="CSGBox3D" parent="CSGCombiner3D"]
transform = Transform3D(1, 0, 0, 0, 0.99727976, 0.07370817, 0, -0.07370817, 0.99727976, 120.28076, -80.402466, -511.123)
size = Vector3(73.110596, 107.66043, 1110.0398)
material = ExtResource("1_16i5s")

[node name="CSGBox3D18" type="CSGBox3D" parent="CSGCombiner3D"]
transform = Transform3D(1, 0, 0, 0, 0.99727976, 0.07370817, 0, -0.07370817, 0.99727976, 85.437195, -78.33496, -511.2758)
size = Vector3(3.423462, 107.69626, 1110.0398)
material = ExtResource("1_16i5s")

[node name="CSGBox3D16" type="CSGBox3D" parent="CSGCombiner3D"]
transform = Transform3D(1, 0, 0, 0, 0.99727976, 0.07370817, 0, -0.07370817, 0.99727976, 127.654465, -78.08142, -511.29453)
size = Vector3(58.36319, 112.31509, 1110.0398)
material = ExtResource("1_16i5s")

[node name="CSGBox3D23" type="CSGBox3D" parent="CSGCombiner3D"]
transform = Transform3D(1, 0, 0, 0, 0.9987421, 0.05013974, 0, -0.05013974, 0.9987421, -145.12064, -77.66553, -503.0096)
size = Vector3(45.291092, 112.31509, 1093.4491)
material = ExtResource("1_16i5s")

[node name="CSGBox3D24" type="CSGBox3D" parent="CSGCombiner3D"]
transform = Transform3D(1, 0, 0, 0, 0.9987421, 0.05013974, 0, -0.05013974, 0.9987421, -124.253006, -76.38513, -503.0739)
size = Vector3(3.5558243, 114.879005, 1093.4491)
material = ExtResource("1_16i5s")

[node name="CSGBox3D17" type="CSGBox3D" parent="CSGCombiner3D"]
transform = Transform3D(1, 0, 0, 0, 0.99727976, 0.07370817, 0, -0.07370817, 0.99727976, 140.65373, -66.31836, -512.16394)
size = Vector3(32.364655, 135.90561, 1110.0398)
material = ExtResource("1_16i5s")

[node name="CSGBox3D12" type="CSGBox3D" parent="CSGCombiner3D"]
transform = Transform3D(1, 0, 0, 0, 0.99727976, 0.07370817, 0, -0.07370817, 0.99727976, 0, 89.45117, -1062.2344)
size = Vector3(313.67212, 153.5329, 35.85437)
material = ExtResource("1_16i5s")

[node name="CSGBox3D13" type="CSGBox3D" parent="CSGCombiner3D"]
transform = Transform3D(1, 0, 0, 0, 0.99727976, 0.07370817, 0, -0.07370817, 0.99727976, 0, 199.34912, -504.50455)
size = Vector3(313.67212, 16.553535, 1164.4806)
material = ExtResource("1_16i5s")

[node name="CSGBox3D8" type="CSGBox3D" parent="CSGCombiner3D"]
transform = Transform3D(0.9138434, 0, -0.40606683, 0.029930448, 0.99727976, 0.06735772, 0.4049623, -0.07370817, 0.9113575, 115.50311, -4.8566895, -1083.0331)
size = Vector3(104.703125, 342.64954, 70.45761)
material = ExtResource("1_16i5s")

[node name="CSGBox3D9" type="CSGBox3D" parent="CSGCombiner3D"]
transform = Transform3D(0.9509864, 0, 0.30923274, -0.022792984, 0.99727976, 0.070095465, -0.30839163, -0.07370818, 0.94839954, -31.609665, -3.4949677, -1064.608)
size = Vector3(28.605469, 342.64954, 16.436707)
material = ExtResource("1_16i5s")

[node name="CSGBox3D11" type="CSGBox3D" parent="CSGCombiner3D"]
transform = Transform3D(0.897551, 0, -0.44091064, 0.03249872, 0.99727976, 0.06615684, 0.43971133, -0.07370817, 0.8951094, -44.191902, -3.3203125, -1062.2452)
size = Vector3(11.560425, 342.64954, 16.436707)
material = ExtResource("1_16i5s")

[node name="CSGBox3D10" type="CSGBox3D" parent="CSGCombiner3D"]
transform = Transform3D(0.93043035, 0, 0.36646873, -0.027011745, 0.99727976, 0.06858032, -0.36547193, -0.07370817, 0.92789936, -138.79068, -3.1809742, -1060.3596)
size = Vector3(28.605469, 342.64954, 16.436707)
material = ExtResource("1_16i5s")

[node name="CSGBox3D7" type="CSGBox3D" parent="CSGCombiner3D"]
transform = Transform3D(1, 0, 0, 0, 0.99727976, 0.07370817, 0, -0.07370817, 0.99727976, 0, -361.8081, -2319.9434)
size = Vector3(483.8767, 89.63721, 3440.249)
material = ExtResource("2_xvof0")

[node name="CSGBox3D27" type="CSGBox3D" parent="CSGCombiner3D"]
transform = Transform3D(1, 0, 0, 0, 0.99727976, 0.07370817, 0, -0.07370817, 0.99727976, 0, -361.8081, -2319.9434)
size = Vector3(483.8767, 89.63721, 3440.249)
material = ExtResource("2_xvof0")

[node name="CSGBox3D28" type="CSGBox3D" parent="CSGCombiner3D"]
transform = Transform3D(0.16828296, -0.07265701, 0.9830574, 4.65266e-10, 0.9972799, 0.07370818, -0.9857389, -0.012403828, 0.16782518, -1730.4268, -685.2942, -4909.1274)
size = Vector3(1274.6183, 89.63721, 7017.125)
material = ExtResource("2_xvof0")

[node name="CSGBox3D32" type="CSGBox3D" parent="CSGCombiner3D"]
transform = Transform3D(0.16828296, -0.07265701, 0.9830574, 4.65266e-10, 0.9972799, 0.07370818, -0.9857389, -0.012403828, 0.16782518, -3323.4885, -783.16095, -5181.0903)
size = Vector3(255.52148, 132.67688, 3779.271)
material = ExtResource("2_xvof0")

[node name="CSGBox3D30" type="CSGBox3D" parent="CSGCombiner3D"]
transform = Transform3D(0.18169491, 0.024189964, 0.98305744, -0.51268196, 0.8554089, 0.07370818, -0.8391331, -0.5173881, 0.16782518, -3065.1035, -722.9114, -4433.9956)
size = Vector3(1413.169, 89.63721, 4546.93)
material = ExtResource("2_xvof0")

[node name="CSGBox3D31" type="CSGBox3D" parent="CSGCombiner3D"]
transform = Transform3D(-0.4292252, 0.0986026, 0.89779913, -0.89542705, 0.08365564, -0.43727863, -0.11822272, -0.9916043, 0.052384295, -672.3463, -767.80054, -4060.3801)
size = Vector3(824.4492, 89.63721, 1238.5374)
material = ExtResource("2_xvof0")

[node name="CSGBox3D29" type="CSGBox3D" parent="CSGCombiner3D"]
transform = Transform3D(0.11107013, -0.14581366, 0.9830574, 0.48881006, 0.8692709, 0.07370818, -0.86529094, 0.47234157, 0.16782518, -1505.7585, -107.41504, -6478.9526)
size = Vector3(2620.0264, 89.63721, 7017.125)
material = ExtResource("2_xvof0")

[node name="CSGBox3D26" type="CSGBox3D" parent="CSGCombiner3D"]
transform = Transform3D(0.87516063, -0.03566238, 0.48251623, -1.857066e-09, 0.9972797, 0.073708154, -0.48383233, -0.064506456, 0.87277997, 401.39627, -358.7945, -2949.688)
size = Vector3(557.9768, 179.92993, 648.0718)
material = ExtResource("2_xvof0")

[node name="CSGBox3D22" type="CSGBox3D" parent="CSGCombiner3D"]
transform = Transform3D(1, 0, 0, 0, 0.9998634, 0.016527526, 0, -0.016527526, 0.9998634, -124.782364, -311.93906, -1697.9883)
size = Vector3(135.6984, 89.63721, 338.6626)
material = ExtResource("2_xvof0")

[node name="CSGBox3D25" type="CSGBox3D" parent="CSGCombiner3D"]
transform = Transform3D(0.9502714, 0.0051470497, -0.31138033, 0, 0.9998634, 0.016527526, 0.31142288, -0.015705636, 0.9501416, -296.4029, -312.28406, -2226.669)
size = Vector3(386.7608, 89.63721, 802.8819)
material = ExtResource("2_xvof0")

[node name="CSGBox3D21" type="CSGBox3D" parent="CSGCombiner3D"]
transform = Transform3D(1, 0, 0, 0, 0.99727976, 0.07370817, 0, -0.07370817, 0.99727976, 0, -215.45581, -862.7939)
size = Vector3(855.041, 166.73804, 512.3023)
material = ExtResource("2_xvof0")

[node name="CSGBox3D20" type="CSGBox3D" parent="CSGCombiner3D"]
transform = Transform3D(0.9196159, -0.39281866, 0, 0.3917502, 0.9171144, 0.07370817, -0.028953949, -0.067783214, 0.99727976, 661.3263, -268.5564, -3530.8147)
size = Vector3(1257.0789, 89.63721, 5841.6577)
material = ExtResource("2_xvof0")

[node name="CSGBox3D19" type="CSGBox3D" parent="CSGCombiner3D"]
transform = Transform3D(0.93846893, 0.34536368, 1.8626451e-09, -0.34442428, 0.93591607, 0.07370817, 0.025456129, -0.06917283, 0.99727976, -626.2919, -204.15967, -2344.1958)
size = Vector3(958.5614, 89.63721, 3465.3818)
material = ExtResource("2_xvof0")

[node name="CSGBox3D6" type="CSGBox3D" parent="CSGCombiner3D"]
transform = Transform3D(1, 0, 0, 0, 0.99909705, 0.04248599, 0, -0.04248599, 0.99909705, -81.418, -61.35437, -752.9351)
size = Vector3(131.53131, 22.058655, 1001.4937)
material = ExtResource("1_16i5s")

[node name="CSGBox3D14" type="CSGBox3D" parent="CSGCombiner3D"]
transform = Transform3D(1, 0, 0, 0, 0.99909705, 0.04248599, 0, -0.04248599, 0.99909705, -79.2388, -58.982544, -839.7204)
size = Vector3(50.856445, 9.953369, 821.7727)
material = ExtResource("2_veolm")

[node name="CSGBox3D3" type="CSGBox3D" parent="CSGCombiner3D"]
transform = Transform3D(1, 0, 0, 0, 0.99727976, 0.07370817, 0, -0.07370817, 0.99727976, 0, 76.76599, 25.942974)
size = Vector3(313.67212, 341.96985, 15.6604)
material = ExtResource("1_16i5s")

[node name="CSGBox3D4" type="CSGBox3D" parent="CSGCombiner3D"]
transform = Transform3D(1, 0, 0, 0, 0.99727976, 0.07370817, 0, -0.07370817, 0.99727976, -166.07108, 36.576904, -517.81836)
size = Vector3(53.271057, 341.96985, 1106.1495)
material = ExtResource("1_16i5s")

[node name="CSGBox3D5" type="CSGBox3D" parent="CSGCombiner3D"]
transform = Transform3D(1, 0, 0, 0, 0.99727976, 0.07370817, 0, -0.07370817, 0.99727976, 169.62704, 36.465942, -519.3203)
size = Vector3(53.271057, 341.96985, 1109.1616)
material = ExtResource("1_16i5s")

[node name="CSGBox3D2" type="CSGBox3D" parent="CSGCombiner3D"]
transform = Transform3D(1, 0, 0, 0, 0.99727976, 0.07370817, 0, -0.07370817, 0.99727976, 0, -89.556274, -512.7158)
size = Vector3(110.994385, 89.63721, 1102.9915)
material = ExtResource("2_veolm")

[node name="Meeple" parent="CSGCombiner3D" instance=ExtResource("4_vodk8")]
transform = Transform3D(1, 0, 0, 0, 0.9998842, 0.0152186835, 0, -0.0152186835, 0.9998842, 92.947495, -10.164429, -359.9723)

[node name="Meeple2" parent="CSGCombiner3D" instance=ExtResource("4_vodk8")]
transform = Transform3D(1, 0, 0, 0, 0.9998842, 0.0152186835, 0, -0.0152186835, 0.9998842, 92.947495, -8.993042, -344.3647)

[node name="Meeple3" parent="CSGCombiner3D" instance=ExtResource("4_vodk8")]
transform = Transform3D(1, 0, 0, 0, 0.9998842, 0.0152186835, 0, -0.0152186835, 0.9998842, 92.947495, -8.391724, -327.6068)

[node name="Meeple4" parent="CSGCombiner3D" instance=ExtResource("4_vodk8")]
transform = Transform3D(1, 0, 0, 0, 0.9998842, 0.0152186835, 0, -0.0152186835, 0.9998842, 92.947495, -7.220337, -311.9992)

[node name="Meeple5" parent="CSGCombiner3D" instance=ExtResource("4_vodk8")]
transform = Transform3D(1, 0, 0, 0, 0.9998842, 0.0152186835, 0, -0.0152186835, 0.9998842, 92.947495, -6.15271, -297.7889)

[node name="Meeple6" parent="CSGCombiner3D" instance=ExtResource("4_vodk8")]
transform = Transform3D(1, 0, 0, 0, 0.9998842, 0.0152186835, 0, -0.0152186835, 0.9998842, 92.947495, -4.9813232, -282.1813)

[node name="Meeple7" parent="CSGCombiner3D" instance=ExtResource("4_vodk8")]
transform = Transform3D(1, 0, 0, 0, 0.9998842, 0.0152186835, 0, -0.0152186835, 0.9998842, 92.947495, -4.380127, -265.42343)

[node name="Meeple8" parent="CSGCombiner3D" instance=ExtResource("4_vodk8")]
transform = Transform3D(1, 0, 0, 0, 0.9998842, 0.0152186835, 0, -0.0152186835, 0.9998842, 92.947495, -3.2087402, -249.81584)

[node name="Meeple9" parent="CSGCombiner3D" instance=ExtResource("4_vodk8")]
transform = Transform3D(1, 0, 0, 0, 0.9998842, 0.0152186835, 0, -0.0152186835, 0.9998842, 92.947495, -0.5880127, -236.19952)

[node name="Meeple10" parent="CSGCombiner3D" instance=ExtResource("4_vodk8")]
transform = Transform3D(1, 0, 0, 0, 0.9998842, 0.0152186835, 0, -0.0152186835, 0.9998842, 92.947495, 0.583374, -220.59192)

[node name="Meeple11" parent="CSGCombiner3D" instance=ExtResource("4_vodk8")]
transform = Transform3D(1, 0, 0, 0, 0.9998842, 0.0152186835, 0, -0.0152186835, 0.9998842, 92.947495, 1.1846924, -203.83406)

[node name="Meeple12" parent="CSGCombiner3D" instance=ExtResource("4_vodk8")]
transform = Transform3D(1, 0, 0, 0, 0.9998842, 0.0152186835, 0, -0.0152186835, 0.9998842, 92.947495, 2.356079, -188.22644)

[node name="Meeple13" parent="CSGCombiner3D" instance=ExtResource("4_vodk8")]
transform = Transform3D(1, 0, 0, 0, 0.9998842, 0.0152186835, 0, -0.0152186835, 0.9998842, 92.947495, 3.423706, -174.01616)

[node name="Meeple14" parent="CSGCombiner3D" instance=ExtResource("4_vodk8")]
transform = Transform3D(1, 0, 0, 0, 0.9998842, 0.0152186835, 0, -0.0152186835, 0.9998842, 92.947495, 4.595093, -158.40855)

[node name="Meeple15" parent="CSGCombiner3D" instance=ExtResource("4_vodk8")]
transform = Transform3D(1, 0, 0, 0, 0.9998842, 0.0152186835, 0, -0.0152186835, 0.9998842, 92.947495, 5.196289, -141.6507)

[node name="Meeple16" parent="CSGCombiner3D" instance=ExtResource("4_vodk8")]
transform = Transform3D(1, 0, 0, 0, 0.9998842, 0.0152186835, 0, -0.0152186835, 0.9998842, 92.947495, 6.367676, -126.04309)

[node name="Meeple65" parent="CSGCombiner3D" instance=ExtResource("4_vodk8")]
transform = Transform3D(1, 0, 0, 0, 0.9999995, 0.0009599307, 0, -0.0009599307, 0.9999995, -130.82263, -8.869873, -360.07828)

[node name="Meeple66" parent="CSGCombiner3D" instance=ExtResource("4_vodk8")]
transform = Transform3D(1, 0, 0, 0, 0.9999995, 0.0009599307, 0, -0.0009599307, 0.9999995, -130.82263, -7.9212646, -344.45554)

[node name="Meeple67" parent="CSGCombiner3D" instance=ExtResource("4_vodk8")]
transform = Transform3D(1, 0, 0, 0, 0.9999995, 0.0009599307, 0, -0.0009599307, 0.9999995, -130.82263, -7.55896, -327.6908)

[node name="Meeple68" parent="CSGCombiner3D" instance=ExtResource("4_vodk8")]
transform = Transform3D(1, 0, 0, 0, 0.9999995, 0.0009599307, 0, -0.0009599307, 0.9999995, -130.82263, -6.6102295, -312.06805)

[node name="Meeple69" parent="CSGCombiner3D" instance=ExtResource("4_vodk8")]
transform = Transform3D(1, 0, 0, 0, 0.9999995, 0.0009599307, 0, -0.0009599307, 0.9999995, -130.82263, -5.7453613, -297.844)

[node name="Meeple70" parent="CSGCombiner3D" instance=ExtResource("4_vodk8")]
transform = Transform3D(1, 0, 0, 0, 0.9999995, 0.0009599307, 0, -0.0009599307, 0.9999995, -130.82263, -4.796509, -282.22125)

[node name="Meeple71" parent="CSGCombiner3D" instance=ExtResource("4_vodk8")]
transform = Transform3D(1, 0, 0, 0, 0.9999995, 0.0009599307, 0, -0.0009599307, 0.9999995, -130.82263, -4.434326, -265.45654)

[node name="Meeple72" parent="CSGCombiner3D" instance=ExtResource("4_vodk8")]
transform = Transform3D(1, 0, 0, 0, 0.9999995, 0.0009599307, 0, -0.0009599307, 0.9999995, -130.82263, -3.4857178, -249.83383)

[node name="Meeple73" parent="CSGCombiner3D" instance=ExtResource("4_vodk8")]
transform = Transform3D(1, 0, 0, 0, 0.9999995, 0.0009599307, 0, -0.0009599307, 0.9999995, -130.82263, -1.0593262, -236.18153)

[node name="Meeple74" parent="CSGCombiner3D" instance=ExtResource("4_vodk8")]
transform = Transform3D(1, 0, 0, 0, 0.9999995, 0.0009599307, 0, -0.0009599307, 0.9999995, -130.82263, -0.11071777, -220.5588)

[node name="Meeple75" parent="CSGCombiner3D" instance=ExtResource("4_vodk8")]
transform = Transform3D(1, 0, 0, 0, 0.9999995, 0.0009599307, 0, -0.0009599307, 0.9999995, -130.82263, 0.2515869, -203.79408)

[node name="Meeple76" parent="CSGCombiner3D" instance=ExtResource("4_vodk8")]
transform = Transform3D(1, 0, 0, 0, 0.9999995, 0.0009599307, 0, -0.0009599307, 0.9999995, -130.82263, 1.2004395, -188.17134)

[node name="Meeple77" parent="CSGCombiner3D" instance=ExtResource("4_vodk8")]
transform = Transform3D(1, 0, 0, 0, 0.9999995, 0.0009599307, 0, -0.0009599307, 0.9999995, -130.82263, 2.0653076, -173.9473)

[node name="Meeple78" parent="CSGCombiner3D" instance=ExtResource("4_vodk8")]
transform = Transform3D(1, 0, 0, 0, 0.9999995, 0.0009599307, 0, -0.0009599307, 0.9999995, -130.82263, 3.014038, -158.32458)

[node name="Meeple79" parent="CSGCombiner3D" instance=ExtResource("4_vodk8")]
transform = Transform3D(1, 0, 0, 0, 0.9999995, 0.0009599307, 0, -0.0009599307, 0.9999995, -130.82263, 3.3762207, -141.55984)

[node name="Meeple80" parent="CSGCombiner3D" instance=ExtResource("4_vodk8")]
transform = Transform3D(1, 0, 0, 0, 0.9999995, 0.0009599307, 0, -0.0009599307, 0.9999995, -130.82263, 4.324829, -125.937126)

[node name="Meeple81" parent="CSGCombiner3D" instance=ExtResource("4_vodk8")]
transform = Transform3D(1, 0, 0, 0, 0.9999995, 0.0009599307, 0, -0.0009599307, 0.9999995, -136.40459, -6.1000977, -369.93744)

[node name="Meeple82" parent="CSGCombiner3D" instance=ExtResource("4_vodk8")]
transform = Transform3D(1, 0, 0, 0, 0.9999995, 0.0009599307, 0, -0.0009599307, 0.9999995, -136.40459, -5.1514893, -354.3147)

[node name="Meeple83" parent="CSGCombiner3D" instance=ExtResource("4_vodk8")]
transform = Transform3D(1, 0, 0, 0, 0.9999995, 0.0009599307, 0, -0.0009599307, 0.9999995, -136.40459, -4.7891846, -337.54993)

[node name="Meeple84" parent="CSGCombiner3D" instance=ExtResource("4_vodk8")]
transform = Transform3D(1, 0, 0, 0, 0.9999995, 0.0009599307, 0, -0.0009599307, 0.9999995, -136.40459, -3.840454, -321.9272)

[node name="Meeple85" parent="CSGCombiner3D" instance=ExtResource("4_vodk8")]
transform = Transform3D(1, 0, 0, 0, 0.9999995, 0.0009599307, 0, -0.0009599307, 0.9999995, -136.40459, -2.975586, -307.70313)

[node name="Meeple86" parent="CSGCombiner3D" instance=ExtResource("4_vodk8")]
transform = Transform3D(1, 0, 0, 0, 0.9999995, 0.0009599307, 0, -0.0009599307, 0.9999995, -136.40459, -2.0267334, -292.08038)

[node name="Meeple87" parent="CSGCombiner3D" instance=ExtResource("4_vodk8")]
transform = Transform3D(1, 0, 0, 0, 0.9999995, 0.0009599307, 0, -0.0009599307, 0.9999995, -136.40459, -1.6645508, -275.31567)

[node name="Meeple88" parent="CSGCombiner3D" instance=ExtResource("4_vodk8")]
transform = Transform3D(1, 0, 0, 0, 0.9999995, 0.0009599307, 0, -0.0009599307, 0.9999995, -136.40459, -0.7159424, -259.693)

[node name="Meeple89" parent="CSGCombiner3D" instance=ExtResource("4_vodk8")]
transform = Transform3D(1, 0, 0, 0, 0.9999995, 0.0009599307, 0, -0.0009599307, 0.9999995, -136.40459, 1.7104492, -246.04068)

[node name="Meeple90" parent="CSGCombiner3D" instance=ExtResource("4_vodk8")]
transform = Transform3D(1, 0, 0, 0, 0.9999995, 0.0009599307, 0, -0.0009599307, 0.9999995, -136.40459, 2.6590576, -230.41795)

[node name="Meeple91" parent="CSGCombiner3D" instance=ExtResource("4_vodk8")]
transform = Transform3D(1, 0, 0, 0, 0.9999995, 0.0009599307, 0, -0.0009599307, 0.9999995, -136.40459, 3.0213623, -213.65323)

[node name="Meeple92" parent="CSGCombiner3D" instance=ExtResource("4_vodk8")]
transform = Transform3D(1, 0, 0, 0, 0.9999995, 0.0009599307, 0, -0.0009599307, 0.9999995, -136.40459, 3.9702148, -198.03049)

[node name="Meeple93" parent="CSGCombiner3D" instance=ExtResource("4_vodk8")]
transform = Transform3D(1, 0, 0, 0, 0.9999995, 0.0009599307, 0, -0.0009599307, 0.9999995, -136.40459, 4.835083, -183.80644)

[node name="Meeple94" parent="CSGCombiner3D" instance=ExtResource("4_vodk8")]
transform = Transform3D(1, 0, 0, 0, 0.9999995, 0.0009599307, 0, -0.0009599307, 0.9999995, -136.40459, 5.7838135, -168.18373)

[node name="Meeple95" parent="CSGCombiner3D" instance=ExtResource("4_vodk8")]
transform = Transform3D(1, 0, 0, 0, 0.9999995, 0.0009599307, 0, -0.0009599307, 0.9999995, -136.40459, 6.145996, -151.41899)

[node name="Meeple96" parent="CSGCombiner3D" instance=ExtResource("4_vodk8")]
transform = Transform3D(1, 0, 0, 0, 0.9999995, 0.0009599307, 0, -0.0009599307, 0.9999995, -136.40459, 7.0946045, -135.79626)

[node name="Meeple97" parent="CSGCombiner3D" instance=ExtResource("4_vodk8")]
transform = Transform3D(1, 0, 0, 0, 0.9999995, 0.0009599307, 0, -0.0009599307, 0.9999995, -130.82263, -21.407227, -609.48926)

[node name="Meeple98" parent="CSGCombiner3D" instance=ExtResource("4_vodk8")]
transform = Transform3D(1, 0, 0, 0, 0.9999995, 0.0009599307, 0, -0.0009599307, 0.9999995, -130.82263, -20.458618, -593.8665)

[node name="Meeple99" parent="CSGCombiner3D" instance=ExtResource("4_vodk8")]
transform = Transform3D(1, 0, 0, 0, 0.9999995, 0.0009599307, 0, -0.0009599307, 0.9999995, -130.82263, -20.096313, -577.1018)

[node name="Meeple100" parent="CSGCombiner3D" instance=ExtResource("4_vodk8")]
transform = Transform3D(1, 0, 0, 0, 0.9999995, 0.0009599307, 0, -0.0009599307, 0.9999995, -130.82263, -19.147583, -561.47906)

[node name="Meeple101" parent="CSGCombiner3D" instance=ExtResource("4_vodk8")]
transform = Transform3D(1, 0, 0, 0, 0.9999995, 0.0009599307, 0, -0.0009599307, 0.9999995, -130.82263, -18.282715, -547.255)

[node name="Meeple102" parent="CSGCombiner3D" instance=ExtResource("4_vodk8")]
transform = Transform3D(1, 0, 0, 0, 0.9999995, 0.0009599307, 0, -0.0009599307, 0.9999995, -130.82263, -17.333862, -531.63226)

[node name="Meeple103" parent="CSGCombiner3D" instance=ExtResource("4_vodk8")]
transform = Transform3D(1, 0, 0, 0, 0.9999995, 0.0009599307, 0, -0.0009599307, 0.9999995, -130.82263, -16.97168, -514.86755)

[node name="Meeple104" parent="CSGCombiner3D" instance=ExtResource("4_vodk8")]
transform = Transform3D(1, 0, 0, 0, 0.9999995, 0.0009599307, 0, -0.0009599307, 0.9999995, -130.82263, -16.023071, -499.2448)

[node name="Meeple105" parent="CSGCombiner3D" instance=ExtResource("4_vodk8")]
transform = Transform3D(1, 0, 0, 0, 0.9999995, 0.0009599307, 0, -0.0009599307, 0.9999995, -130.82263, -13.59668, -485.59253)

[node name="Meeple106" parent="CSGCombiner3D" instance=ExtResource("4_vodk8")]
transform = Transform3D(1, 0, 0, 0, 0.9999995, 0.0009599307, 0, -0.0009599307, 0.9999995, -130.82263, -12.648071, -469.9698)

[node name="Meeple107" parent="CSGCombiner3D" instance=ExtResource("4_vodk8")]
transform = Transform3D(1, 0, 0, 0, 0.9999995, 0.0009599307, 0, -0.0009599307, 0.9999995, -130.82263, -12.285767, -453.20508)

[node name="Meeple108" parent="CSGCombiner3D" instance=ExtResource("4_vodk8")]
transform = Transform3D(1, 0, 0, 0, 0.9999995, 0.0009599307, 0, -0.0009599307, 0.9999995, -130.82263, -11.336914, -437.58234)

[node name="Meeple109" parent="CSGCombiner3D" instance=ExtResource("4_vodk8")]
transform = Transform3D(1, 0, 0, 0, 0.9999995, 0.0009599307, 0, -0.0009599307, 0.9999995, -130.82263, -10.472046, -423.35828)

[node name="Meeple110" parent="CSGCombiner3D" instance=ExtResource("4_vodk8")]
transform = Transform3D(1, 0, 0, 0, 0.9999995, 0.0009599307, 0, -0.0009599307, 0.9999995, -130.82263, -9.523315, -407.7356)

[node name="Meeple111" parent="CSGCombiner3D" instance=ExtResource("4_vodk8")]
transform = Transform3D(1, 0, 0, 0, 0.9999995, 0.0009599307, 0, -0.0009599307, 0.9999995, -130.82263, -9.161133, -390.97083)

[node name="Meeple112" parent="CSGCombiner3D" instance=ExtResource("4_vodk8")]
transform = Transform3D(1, 0, 0, 0, 0.9999995, 0.0009599307, 0, -0.0009599307, 0.9999995, -130.82263, -8.212524, -375.3481)

[node name="Meeple113" parent="CSGCombiner3D" instance=ExtResource("4_vodk8")]
transform = Transform3D(1, 0, 0, 0, 0.9999995, 0.0009599307, 0, -0.0009599307, 0.9999995, -136.40459, -18.637451, -619.34845)

[node name="Meeple114" parent="CSGCombiner3D" instance=ExtResource("4_vodk8")]
transform = Transform3D(1, 0, 0, 0, 0.9999995, 0.0009599307, 0, -0.0009599307, 0.9999995, -136.40459, -17.688843, -603.7257)

[node name="Meeple115" parent="CSGCombiner3D" instance=ExtResource("4_vodk8")]
transform = Transform3D(1, 0, 0, 0, 0.9999995, 0.0009599307, 0, -0.0009599307, 0.9999995, -136.40459, -17.326538, -586.96094)

[node name="Meeple116" parent="CSGCombiner3D" instance=ExtResource("4_vodk8")]
transform = Transform3D(1, 0, 0, 0, 0.9999995, 0.0009599307, 0, -0.0009599307, 0.9999995, -136.40459, -16.377808, -571.3382)

[node name="Meeple117" parent="CSGCombiner3D" instance=ExtResource("4_vodk8")]
transform = Transform3D(1, 0, 0, 0, 0.9999995, 0.0009599307, 0, -0.0009599307, 0.9999995, -136.40459, -15.512939, -557.11414)

[node name="Meeple118" parent="CSGCombiner3D" instance=ExtResource("4_vodk8")]
transform = Transform3D(1, 0, 0, 0, 0.9999995, 0.0009599307, 0, -0.0009599307, 0.9999995, -136.40459, -14.564087, -541.4914)

[node name="Meeple119" parent="CSGCombiner3D" instance=ExtResource("4_vodk8")]
transform = Transform3D(1, 0, 0, 0, 0.9999995, 0.0009599307, 0, -0.0009599307, 0.9999995, -136.40459, -14.201904, -524.7267)

[node name="Meeple120" parent="CSGCombiner3D" instance=ExtResource("4_vodk8")]
transform = Transform3D(1, 0, 0, 0, 0.9999995, 0.0009599307, 0, -0.0009599307, 0.9999995, -136.40459, -13.253296, -509.104)

[node name="Meeple121" parent="CSGCombiner3D" instance=ExtResource("4_vodk8")]
transform = Transform3D(1, 0, 0, 0, 0.9999995, 0.0009599307, 0, -0.0009599307, 0.9999995, -136.40459, -10.826904, -495.45166)

[node name="Meeple122" parent="CSGCombiner3D" instance=ExtResource("4_vodk8")]
transform = Transform3D(1, 0, 0, 0, 0.9999995, 0.0009599307, 0, -0.0009599307, 0.9999995, -136.40459, -9.878296, -479.82895)

[node name="Meeple123" parent="CSGCombiner3D" instance=ExtResource("4_vodk8")]
transform = Transform3D(1, 0, 0, 0, 0.9999995, 0.0009599307, 0, -0.0009599307, 0.9999995, -136.40459, -9.515991, -463.0642)

[node name="Meeple124" parent="CSGCombiner3D" instance=ExtResource("4_vodk8")]
transform = Transform3D(1, 0, 0, 0, 0.9999995, 0.0009599307, 0, -0.0009599307, 0.9999995, -136.40459, -8.567139, -447.44147)

[node name="Meeple125" parent="CSGCombiner3D" instance=ExtResource("4_vodk8")]
transform = Transform3D(1, 0, 0, 0, 0.9999995, 0.0009599307, 0, -0.0009599307, 0.9999995, -136.40459, -7.7022705, -433.21744)

[node name="Meeple126" parent="CSGCombiner3D" instance=ExtResource("4_vodk8")]
transform = Transform3D(1, 0, 0, 0, 0.9999995, 0.0009599307, 0, -0.0009599307, 0.9999995, -136.40459, -6.75354, -417.59473)

[node name="Meeple127" parent="CSGCombiner3D" instance=ExtResource("4_vodk8")]
transform = Transform3D(1, 0, 0, 0, 0.9999995, 0.0009599307, 0, -0.0009599307, 0.9999995, -136.40459, -6.3913574, -400.83)

[node name="Meeple128" parent="CSGCombiner3D" instance=ExtResource("4_vodk8")]
transform = Transform3D(1, 0, 0, 0, 0.9999995, 0.0009599307, 0, -0.0009599307, 0.9999995, -136.40459, -5.442749, -385.20728)

[node name="Meeple17" parent="CSGCombiner3D" instance=ExtResource("4_vodk8")]
transform = Transform3D(1, 0, 0, 0, 0.9998842, 0.0152186835, 0, -0.0152186835, 0.9998842, 92.947495, -28.32483, -609.84247)

[node name="Meeple18" parent="CSGCombiner3D" instance=ExtResource("4_vodk8")]
transform = Transform3D(1, 0, 0, 0, 0.9998842, 0.0152186835, 0, -0.0152186835, 0.9998842, 92.947495, -27.153442, -594.23486)

[node name="Meeple19" parent="CSGCombiner3D" instance=ExtResource("4_vodk8")]
transform = Transform3D(1, 0, 0, 0, 0.9998842, 0.0152186835, 0, -0.0152186835, 0.9998842, 92.947495, -26.552124, -577.4769)

[node name="Meeple20" parent="CSGCombiner3D" instance=ExtResource("4_vodk8")]
transform = Transform3D(1, 0, 0, 0, 0.9998842, 0.0152186835, 0, -0.0152186835, 0.9998842, 92.947495, -25.380737, -561.8694)

[node name="Meeple21" parent="CSGCombiner3D" instance=ExtResource("4_vodk8")]
transform = Transform3D(1, 0, 0, 0, 0.9998842, 0.0152186835, 0, -0.0152186835, 0.9998842, 92.947495, -24.31311, -547.65906)

[node name="Meeple22" parent="CSGCombiner3D" instance=ExtResource("4_vodk8")]
transform = Transform3D(1, 0, 0, 0, 0.9998842, 0.0152186835, 0, -0.0152186835, 0.9998842, 92.947495, -23.141724, -532.0515)

[node name="Meeple23" parent="CSGCombiner3D" instance=ExtResource("4_vodk8")]
transform = Transform3D(1, 0, 0, 0, 0.9998842, 0.0152186835, 0, -0.0152186835, 0.9998842, 92.947495, -22.540405, -515.2936)

[node name="Meeple24" parent="CSGCombiner3D" instance=ExtResource("4_vodk8")]
transform = Transform3D(1, 0, 0, 0, 0.9998842, 0.0152186835, 0, -0.0152186835, 0.9998842, 92.947495, -21.36914, -499.68597)

[node name="Meeple25" parent="CSGCombiner3D" instance=ExtResource("4_vodk8")]
transform = Transform3D(1, 0, 0, 0, 0.9998842, 0.0152186835, 0, -0.0152186835, 0.9998842, 92.947495, -18.748291, -486.0697)

[node name="Meeple26" parent="CSGCombiner3D" instance=ExtResource("4_vodk8")]
transform = Transform3D(1, 0, 0, 0, 0.9998842, 0.0152186835, 0, -0.0152186835, 0.9998842, 92.947495, -17.577026, -470.46204)

[node name="Meeple27" parent="CSGCombiner3D" instance=ExtResource("4_vodk8")]
transform = Transform3D(1, 0, 0, 0, 0.9998842, 0.0152186835, 0, -0.0152186835, 0.9998842, 92.947495, -16.975708, -453.7042)

[node name="Meeple28" parent="CSGCombiner3D" instance=ExtResource("4_vodk8")]
transform = Transform3D(1, 0, 0, 0, 0.9998842, 0.0152186835, 0, -0.0152186835, 0.9998842, 92.947495, -15.804321, -438.09662)

[node name="Meeple29" parent="CSGCombiner3D" instance=ExtResource("4_vodk8")]
transform = Transform3D(1, 0, 0, 0, 0.9998842, 0.0152186835, 0, -0.0152186835, 0.9998842, 92.947495, -14.736694, -423.8863)

[node name="Meeple30" parent="CSGCombiner3D" instance=ExtResource("4_vodk8")]
transform = Transform3D(1, 0, 0, 0, 0.9998842, 0.0152186835, 0, -0.0152186835, 0.9998842, 92.947495, -13.565308, -408.27872)

[node name="Meeple31" parent="CSGCombiner3D" instance=ExtResource("4_vodk8")]
transform = Transform3D(1, 0, 0, 0, 0.9998842, 0.0152186835, 0, -0.0152186835, 0.9998842, 92.947495, -12.963989, -391.52084)

[node name="Meeple32" parent="CSGCombiner3D" instance=ExtResource("4_vodk8")]
transform = Transform3D(1, 0, 0, 0, 0.9998842, 0.0152186835, 0, -0.0152186835, 0.9998842, 92.947495, -11.792725, -375.9132)

[node name="Meeple33" parent="CSGCombiner3D" instance=ExtResource("4_vodk8")]
transform = Transform3D(1, 0, 0, 0, 0.9998842, 0.0152186835, 0, -0.0152186835, 0.9998842, 103.369354, -4.1207275, -352.6699)

[node name="Meeple34" parent="CSGCombiner3D" instance=ExtResource("4_vodk8")]
transform = Transform3D(1, 0, 0, 0, 0.9998842, 0.0152186835, 0, -0.0152186835, 0.9998842, 103.369354, -2.949463, -337.0623)

[node name="Meeple35" parent="CSGCombiner3D" instance=ExtResource("4_vodk8")]
transform = Transform3D(1, 0, 0, 0, 0.9998842, 0.0152186835, 0, -0.0152186835, 0.9998842, 103.369354, -2.3481445, -320.3044)

[node name="Meeple36" parent="CSGCombiner3D" instance=ExtResource("4_vodk8")]
transform = Transform3D(1, 0, 0, 0, 0.9998842, 0.0152186835, 0, -0.0152186835, 0.9998842, 103.369354, -1.1767578, -304.6968)

[node name="Meeple37" parent="CSGCombiner3D" instance=ExtResource("4_vodk8")]
transform = Transform3D(1, 0, 0, 0, 0.9998842, 0.0152186835, 0, -0.0152186835, 0.9998842, 103.369354, -0.10913086, -290.4865)

[node name="Meeple38" parent="CSGCombiner3D" instance=ExtResource("4_vodk8")]
transform = Transform3D(1, 0, 0, 0, 0.9998842, 0.0152186835, 0, -0.0152186835, 0.9998842, 103.369354, 1.0622559, -274.8789)

[node name="Meeple39" parent="CSGCombiner3D" instance=ExtResource("4_vodk8")]
transform = Transform3D(1, 0, 0, 0, 0.9998842, 0.0152186835, 0, -0.0152186835, 0.9998842, 103.369354, 1.6635742, -258.12106)

[node name="Meeple40" parent="CSGCombiner3D" instance=ExtResource("4_vodk8")]
transform = Transform3D(1, 0, 0, 0, 0.9998842, 0.0152186835, 0, -0.0152186835, 0.9998842, 103.369354, 2.8348389, -242.51344)

[node name="Meeple41" parent="CSGCombiner3D" instance=ExtResource("4_vodk8")]
transform = Transform3D(1, 0, 0, 0, 0.9998842, 0.0152186835, 0, -0.0152186835, 0.9998842, 103.369354, 5.4556885, -228.89713)

[node name="Meeple42" parent="CSGCombiner3D" instance=ExtResource("4_vodk8")]
transform = Transform3D(1, 0, 0, 0, 0.9998842, 0.0152186835, 0, -0.0152186835, 0.9998842, 103.369354, 6.626953, -213.28954)

[node name="Meeple43" parent="CSGCombiner3D" instance=ExtResource("4_vodk8")]
transform = Transform3D(1, 0, 0, 0, 0.9998842, 0.0152186835, 0, -0.0152186835, 0.9998842, 103.369354, 7.2282715, -196.53166)

[node name="Meeple44" parent="CSGCombiner3D" instance=ExtResource("4_vodk8")]
transform = Transform3D(1, 0, 0, 0, 0.9998842, 0.0152186835, 0, -0.0152186835, 0.9998842, 103.369354, 8.399658, -180.92404)

[node name="Meeple45" parent="CSGCombiner3D" instance=ExtResource("4_vodk8")]
transform = Transform3D(1, 0, 0, 0, 0.9998842, 0.0152186835, 0, -0.0152186835, 0.9998842, 103.369354, 9.467285, -166.71376)

[node name="Meeple46" parent="CSGCombiner3D" instance=ExtResource("4_vodk8")]
transform = Transform3D(1, 0, 0, 0, 0.9998842, 0.0152186835, 0, -0.0152186835, 0.9998842, 103.369354, 10.638672, -151.10616)

[node name="Meeple47" parent="CSGCombiner3D" instance=ExtResource("4_vodk8")]
transform = Transform3D(1, 0, 0, 0, 0.9998842, 0.0152186835, 0, -0.0152186835, 0.9998842, 103.369354, 11.23999, -134.3483)

[node name="Meeple48" parent="CSGCombiner3D" instance=ExtResource("4_vodk8")]
transform = Transform3D(1, 0, 0, 0, 0.9998842, 0.0152186835, 0, -0.0152186835, 0.9998842, 103.369354, 12.411377, -118.74069)

[node name="Meeple49" parent="CSGCombiner3D" instance=ExtResource("4_vodk8")]
transform = Transform3D(1, 0, 0, 0, 0.9998842, 0.0152186835, 0, -0.0152186835, 0.9998842, 103.369354, -22.281128, -602.54004)

[node name="Meeple50" parent="CSGCombiner3D" instance=ExtResource("4_vodk8")]
transform = Transform3D(1, 0, 0, 0, 0.9998842, 0.0152186835, 0, -0.0152186835, 0.9998842, 103.369354, -21.109741, -586.93243)

[node name="Meeple51" parent="CSGCombiner3D" instance=ExtResource("4_vodk8")]
transform = Transform3D(1, 0, 0, 0, 0.9998842, 0.0152186835, 0, -0.0152186835, 0.9998842, 103.369354, -20.508545, -570.1745)

[node name="Meeple52" parent="CSGCombiner3D" instance=ExtResource("4_vodk8")]
transform = Transform3D(1, 0, 0, 0, 0.9998842, 0.0152186835, 0, -0.0152186835, 0.9998842, 103.369354, -19.337158, -554.567)

[node name="Meeple53" parent="CSGCombiner3D" instance=ExtResource("4_vodk8")]
transform = Transform3D(1, 0, 0, 0, 0.9998842, 0.0152186835, 0, -0.0152186835, 0.9998842, 103.369354, -18.269531, -540.3566)

[node name="Meeple54" parent="CSGCombiner3D" instance=ExtResource("4_vodk8")]
transform = Transform3D(1, 0, 0, 0, 0.9998842, 0.0152186835, 0, -0.0152186835, 0.9998842, 103.369354, -17.098145, -524.7491)

[node name="Meeple55" parent="CSGCombiner3D" instance=ExtResource("4_vodk8")]
transform = Transform3D(1, 0, 0, 0, 0.9998842, 0.0152186835, 0, -0.0152186835, 0.9998842, 103.369354, -16.496826, -507.99118)

[node name="Meeple56" parent="CSGCombiner3D" instance=ExtResource("4_vodk8")]
transform = Transform3D(1, 0, 0, 0, 0.9998842, 0.0152186835, 0, -0.0152186835, 0.9998842, 103.369354, -15.325439, -492.3836)

[node name="Meeple57" parent="CSGCombiner3D" instance=ExtResource("4_vodk8")]
transform = Transform3D(1, 0, 0, 0, 0.9998842, 0.0152186835, 0, -0.0152186835, 0.9998842, 103.369354, -12.704712, -478.76727)

[node name="Meeple58" parent="CSGCombiner3D" instance=ExtResource("4_vodk8")]
transform = Transform3D(1, 0, 0, 0, 0.9998842, 0.0152186835, 0, -0.0152186835, 0.9998842, 103.369354, -11.533325, -463.15967)

[node name="Meeple59" parent="CSGCombiner3D" instance=ExtResource("4_vodk8")]
transform = Transform3D(1, 0, 0, 0, 0.9998842, 0.0152186835, 0, -0.0152186835, 0.9998842, 103.369354, -10.932129, -446.4018)

[node name="Meeple60" parent="CSGCombiner3D" instance=ExtResource("4_vodk8")]
transform = Transform3D(1, 0, 0, 0, 0.9998842, 0.0152186835, 0, -0.0152186835, 0.9998842, 103.369354, -9.760742, -430.79422)

[node name="Meeple61" parent="CSGCombiner3D" instance=ExtResource("4_vodk8")]
transform = Transform3D(1, 0, 0, 0, 0.9998842, 0.0152186835, 0, -0.0152186835, 0.9998842, 103.369354, -8.693115, -416.5839)

[node name="Meeple62" parent="CSGCombiner3D" instance=ExtResource("4_vodk8")]
transform = Transform3D(1, 0, 0, 0, 0.9998842, 0.0152186835, 0, -0.0152186835, 0.9998842, 103.369354, -7.5217285, -400.97632)

[node name="Meeple63" parent="CSGCombiner3D" instance=ExtResource("4_vodk8")]
transform = Transform3D(1, 0, 0, 0, 0.9998842, 0.0152186835, 0, -0.0152186835, 0.9998842, 103.369354, -6.92041, -384.21844)

[node name="Meeple64" parent="CSGCombiner3D" instance=ExtResource("4_vodk8")]
transform = Transform3D(1, 0, 0, 0, 0.9998842, 0.0152186835, 0, -0.0152186835, 0.9998842, 103.369354, -5.7490234, -368.6108)

[node name="Ramp" parent="CSGCombiner3D" instance=ExtResource("13_x618d")]
transform = Transform3D(24, 0, 0, 0, 4, 0, 0, 0, 8, -128.17627, -264.33325, -1843.3997)

[node name="Ramp2" parent="CSGCombiner3D" instance=ExtResource("13_x618d")]
transform = Transform3D(24, 0, 0, 0, 4, 0, 0, 0, 8, -163.06706, -264.33325, -2236.8242)

[node name="Ramp3" parent="CSGCombiner3D" instance=ExtResource("13_x618d")]
transform = Transform3D(24, 0, 0, 0, 4, 0, 0, 0, 8, -146.04178, -265.9359, -2428.283)

[node name="Ramp4" parent="CSGCombiner3D" instance=ExtResource("13_x618d")]
transform = Transform3D(23.867033, 0, 0.8409488, 0, 4, 0, -2.5228465, 0, 7.9556775, 169.11111, -283.66504, -3127.928)

[node name="WorldEnvironment" type="WorldEnvironment" parent="."]
environment = SubResource("Environment_8j60k")

[node name="DirectionalLight3D" type="DirectionalLight3D" parent="WorldEnvironment"]
transform = Transform3D(0.8660253, -0.12940955, 0.48296297, -0.482963, -0.46650642, 0.74102545, 0.12940955, -0.87500006, -0.46650645, 0, 3.2991993, 0)
shadow_enabled = true

[node name="SubViewport" type="SubViewport" parent="."]
handle_input_locally = false
oversampling = false
oversampling_override = 16.0
size = Vector2i(1152, 648)
render_target_update_mode = 4

[node name="Camera3D" type="Camera3D" parent="SubViewport"]
transform = Transform3D(1, 0, 0, 0, 0.8660254, 0.49999997, 0, -0.49999997, 0.8660254, 0, 6.5402436, 5.2124605)
script = ExtResource("3_x618d")
followspd = 20.0

[node name="RaceUI" parent="SubViewport" instance=ExtResource("4_tqbhu")]

[node name="SubViewport2" type="SubViewport" parent="."]
handle_input_locally = false
oversampling = false
oversampling_override = 16.0
size = Vector2i(1152, 648)
render_target_update_mode = 4

[node name="Camera3D" type="Camera3D" parent="SubViewport2"]
transform = Transform3D(1, 0, 0, 0, 0.8660254, 0.49999997, 0, -0.49999997, 0.8660254, 0, 6.5402436, 5.2124605)
