[gd_scene load_steps=10 format=3 uid="uid://cd13cn4tknk8w"]

[ext_resource type="Material" uid="uid://di16i85s8n3gf" path="res://Materials/CheckerGrass.tres" id="2_go701"]
[ext_resource type="Script" uid="uid://daepbqqygqty6" path="res://Scenes/camera.gd" id="3_5a7ea"]
[ext_resource type="PackedScene" uid="uid://hkot4a21y65c" path="res://Objects/ramp.tscn" id="4_8j60k"]
[ext_resource type="PackedScene" uid="uid://ddtmob8xtdrl6" path="res://UI/RaceUI.tscn" id="5_fo5ed"]
[ext_resource type="Script" uid="uid://dirloat7rwshx" path="res://Scenes/Courses/player_init.gd" id="6_540df"]

[sub_resource type="ProceduralSkyMaterial" id="ProceduralSkyMaterial_go701"]

[sub_resource type="Sky" id="Sky_5a7ea"]
sky_material = SubResource("ProceduralSkyMaterial_go701")

[sub_resource type="Environment" id="Environment_8j60k"]
background_mode = 2
sky = SubResource("Sky_5a7ea")

[sub_resource type="ViewportTexture" id="ViewportTexture_tjfqf"]
viewport_path = NodePath("SubViewport")

[node name="World" type="Node3D"]

[node name="CSGCombiner3D" type="CSGCombiner3D" parent="."]
use_collision = true

[node name="CSGBox3D" type="CSGBox3D" parent="CSGCombiner3D"]
transform = Transform3D(1, 0, 0, 0, 0.99727976, 0.07370817, 0, -0.07370817, 0.99727976, 0, -54.152363, -513.0631)
size = Vector3(134.98071, 18.970703, 1110.0398)
material = ExtResource("2_go701")

[node name="CSGBox3D12" type="CSGBox3D" parent="CSGCombiner3D"]
transform = Transform3D(1, 0, 0, 0, 0.4348067, 0.9005237, 0, -0.9005237, 0.4348067, 0, 7.037018, 37.15925)
size = Vector3(344.09863, 18.970703, 137.46497)
material = ExtResource("2_go701")

[node name="CSGBox3D5" type="CSGBox3D" parent="CSGCombiner3D"]
transform = Transform3D(0.8660254, 0.49863988, 0.036854085, -0.5, 0.8636696, 0.06383315, 0, -0.07370817, 0.99727976, -101.306656, -30.51351, -521.4879)
size = Vector3(181.18262, 18.970703, 1126.9353)
material = ExtResource("2_go701")

[node name="CSGBox3D6" type="CSGBox3D" parent="CSGCombiner3D"]
transform = Transform3D(0.8660255, -0.49864, -0.036854092, 0.4999809, 0.86428106, 0.05511051, 0.0043719937, -0.06615344, 0.9977998, 105.79829, -28.707232, -493.26797)
size = Vector3(181.18262, 18.970703, 1070.3416)
material = ExtResource("2_go701")

[node name="CSGBox3D7" type="CSGBox3D" parent="CSGCombiner3D"]
transform = Transform3D(0.6463394, 0.46687192, -0.60355246, -0.52729535, 0.84501076, 0.08897354, 0.5515477, 0.2607432, 0.7923432, 220.4136, -100.06301, -1535.21)
size = Vector3(181.18262, 18.970703, 1265.6399)
material = ExtResource("2_go701")

[node name="CSGBox3D8" type="CSGBox3D" parent="CSGCombiner3D"]
transform = Transform3D(0.71802676, -0.3722157, -0.58812654, 0.49999997, 0.8636696, 0.063833185, 0.4841875, -0.33989727, 0.8062456, 411.75354, -121.68089, -1477.4086)
size = Vector3(252.75635, 18.970703, 1139.3281)
material = ExtResource("2_go701")

[node name="CSGBox3D4" type="CSGBox3D" parent="CSGCombiner3D"]
transform = Transform3D(0.8037738, 0.04385157, -0.5933166, 0, 0.99727976, 0.07370817, 0.594935, -0.059244696, 0.80158734, 276.7589, -128.18015, -1424.5961)
size = Vector3(134.98071, 18.970703, 1382.1229)
material = ExtResource("2_go701")

[node name="CSGBox3D9" type="CSGBox3D" parent="CSGCombiner3D"]
transform = Transform3D(0.8037738, 0.02035822, -0.59458655, 0, 0.99941427, 0.03421924, 0.594935, -0.027504522, 0.803303, 181.96518, -117.611755, -1244.7036)
size = Vector3(73.317505, 28.141602, 305.68793)
material = ExtResource("2_go701")

[node name="CSGBox3D10" type="CSGBox3D" parent="CSGCombiner3D"]
transform = Transform3D(0.8037738, 0.02035822, -0.59458655, 0, 0.99941427, 0.03421924, 0.594935, -0.027504522, 0.803303, 467.08344, -123.22214, -1589.3306)
size = Vector3(127.25998, 37.951538, 320.3215)
material = ExtResource("2_go701")

[node name="CSGBox3D11" type="CSGBox3D" parent="CSGCombiner3D"]
transform = Transform3D(0.1922603, 0.02035822, -0.9811326, 0.023083372, 0.99941427, 0.02526092, 0.98107237, -0.027504522, 0.19167775, 369.12973, -117.01759, -1436.3828)
size = Vector3(140.54463, 37.951538, 71.198296)
material = ExtResource("2_go701")

[node name="CSGBox3D2" type="CSGBox3D" parent="CSGCombiner3D"]
transform = Transform3D(1, 0, 0, 0, 0.99994504, 0.010471783, 0, -0.010471783, 0.99994504, 62.08954, -91.57549, -597.4209)
size = Vector3(56.090942, 98.510254, 275.51657)
material = ExtResource("2_go701")

[node name="CSGBox3D3" type="CSGBox3D" parent="CSGCombiner3D"]
transform = Transform3D(1, 0, 0, 0, 0.9999495, 0.010035475, 0, -0.010035475, 0.9999495, -18.301773, -76.917595, -378.3672)
size = Vector3(56.090942, 98.510254, 231.29501)
material = ExtResource("2_go701")

[node name="WorldEnvironment" type="WorldEnvironment" parent="."]
environment = SubResource("Environment_8j60k")

[node name="DirectionalLight3D" type="DirectionalLight3D" parent="WorldEnvironment"]
transform = Transform3D(0.8660253, -0.12940955, 0.48296297, -0.482963, -0.46650642, 0.74102545, 0.12940955, -0.87500006, -0.46650645, 0, 3.2991993, 0)
shadow_enabled = true

[node name="Ramp" parent="." instance=ExtResource("4_8j60k")]
transform = Transform3D(2, 0, 0, 0, 2, 0, 0, 0, 2, 0, -20.195314, -218.72495)

[node name="Ramp4" parent="." instance=ExtResource("4_8j60k")]
transform = Transform3D(2, 0, 0, 0, 2, 0, 0, 0, 2, -14.026733, -26.552757, -486.31018)

[node name="Ramp3" parent="." instance=ExtResource("4_8j60k")]
transform = Transform3D(2, 0, 0, 0, 2, 0, 0, 0, 2, 44.52045, -41.02129, -727.97955)

[node name="Ramp5" parent="." instance=ExtResource("4_8j60k")]
transform = Transform3D(1.5944306, 0, -1.2073902, 0, 2, 0, 1.2073902, 0, 1.5944306, 333.4013, -126.4412, -1558.3414)

[node name="Ramp6" parent="." instance=ExtResource("4_8j60k")]
transform = Transform3D(1.5944306, 0, -1.2073902, 0, 2, 0, 1.2073902, 0, 1.5944306, 227.86313, -103.95743, -1321.8722)

[node name="SubViewport" type="SubViewport" parent="."]
handle_input_locally = false
oversampling = false
oversampling_override = 16.0
size = Vector2i(1152, 648)
render_target_update_mode = 4

[node name="Camera3D" type="Camera3D" parent="SubViewport"]
transform = Transform3D(1, 0, 0, 0, 0.8660254, 0.49999997, 0, -0.49999997, 0.8660254, 0, 6.5402436, 5.2124605)
script = ExtResource("3_5a7ea")
followspd = 20.0

[node name="RaceUI" parent="SubViewport" instance=ExtResource("5_fo5ed")]

[node name="GridContainer" type="GridContainer" parent="."]
anchors_preset = 15
anchor_right = 1.0
anchor_bottom = 1.0
grow_horizontal = 2
grow_vertical = 2
theme_override_constants/h_separation = 0
theme_override_constants/v_separation = 0
columns = 2

[node name="SplitscreenRect1" type="TextureRect" parent="GridContainer"]
layout_mode = 2
size_flags_horizontal = 3
size_flags_vertical = 3
texture = SubResource("ViewportTexture_tjfqf")
expand_mode = 1

[node name="SplitscreenRect2" type="TextureRect" parent="GridContainer"]
layout_mode = 2
size_flags_horizontal = 3
size_flags_vertical = 3
texture = SubResource("ViewportTexture_tjfqf")
expand_mode = 1

[node name="SplitscreenRect3" type="TextureRect" parent="GridContainer"]
layout_mode = 2
size_flags_horizontal = 3
size_flags_vertical = 3
texture = SubResource("ViewportTexture_tjfqf")
expand_mode = 1

[node name="SplitscreenRect4" type="TextureRect" parent="GridContainer"]
layout_mode = 2
size_flags_horizontal = 3
size_flags_vertical = 3
texture = SubResource("ViewportTexture_tjfqf")
expand_mode = 1

[node name="PlayerInit" type="Node" parent="."]
script = ExtResource("6_540df")
