[gd_scene load_steps=22 format=3 uid="uid://cd13cn4tknk8w"]

[ext_resource type="Material" uid="uid://bsji82dofgvp5" path="res://Materials/Snow.tres" id="1_s6hkt"]
[ext_resource type="Script" uid="uid://daepbqqygqty6" path="res://Scenes/camera.gd" id="3_5a7ea"]
[ext_resource type="PackedScene" uid="uid://hkot4a21y65c" path="res://Objects/ramp.tscn" id="4_8j60k"]
[ext_resource type="Texture2D" uid="uid://c3vimms87tjyt" path="res://Textures/fillerBG.png" id="5_540df"]
[ext_resource type="PackedScene" uid="uid://ddtmob8xtdrl6" path="res://UI/RaceUI.tscn" id="5_fo5ed"]
[ext_resource type="Script" uid="uid://dirloat7rwshx" path="res://Scenes/Courses/player_init.gd" id="6_540df"]
[ext_resource type="Script" uid="uid://d30p27ii7dudq" path="res://Scenes/Courses/filler_bg_scroll.gd" id="6_s6hkt"]
[ext_resource type="AudioStream" uid="uid://c1p3trwau4co6" path="res://Audio/Music/Blizzard Peaks (Act1 & 2 Mix).mp3" id="8_jdjlm"]
[ext_resource type="Script" uid="uid://b1vhg3lncnwdo" path="res://Scenes/Courses/checkpoint.gd" id="9_j4uft"]
[ext_resource type="Script" uid="uid://dv340etc0ar8e" path="res://Scenes/Courses/deathplane.gd" id="10_x6fwp"]

[sub_resource type="ProceduralSkyMaterial" id="ProceduralSkyMaterial_go701"]
sky_top_color = Color(0.17251666, 0.15950002, 0.55, 1)
sky_horizon_color = Color(0.40200004, 0.42880005, 0.67, 1)
ground_bottom_color = Color(0.68571997, 0.68039995, 0.84, 1)
ground_horizon_color = Color(0.40392157, 0.42745098, 0.67058825, 1)

[sub_resource type="Sky" id="Sky_jdjlm"]
sky_material = SubResource("ProceduralSkyMaterial_go701")

[sub_resource type="Environment" id="Environment_8j60k"]
background_mode = 2
sky = SubResource("Sky_jdjlm")

[sub_resource type="ViewportTexture" id="ViewportTexture_540df"]
viewport_path = NodePath("SubViewport")

[sub_resource type="ViewportTexture" id="ViewportTexture_s6hkt"]
viewport_path = NodePath("SubViewport2")

[sub_resource type="ViewportTexture" id="ViewportTexture_jdjlm"]
viewport_path = NodePath("SubViewport3")

[sub_resource type="ViewportTexture" id="ViewportTexture_tjfqf"]
viewport_path = NodePath("SubViewport4")

[sub_resource type="BoxShape3D" id="BoxShape3D_x6fwp"]
size = Vector3(3624.4392, 1698.4435, 293.62524)

[sub_resource type="BoxShape3D" id="BoxShape3D_j4uft"]
size = Vector3(12170.691, 1059.626, 8160.421)

[sub_resource type="BoxShape3D" id="BoxShape3D_7n0ub"]
size = Vector3(12170.691, 1059.626, 8160.421)

[sub_resource type="BoxShape3D" id="BoxShape3D_45hrh"]
size = Vector3(121700.69, 1059.626, 816000.44)

[node name="World" type="Node3D"]

[node name="CSGCombiner3D" type="CSGCombiner3D" parent="."]
transform = Transform3D(1, 0, 0, 0, 1, 0, 0, 0, 1, 0, 1338.6907, 0)
use_collision = true

[node name="CSGBox3D" type="CSGBox3D" parent="CSGCombiner3D"]
transform = Transform3D(1, 0, 0, 0, 0.99727976, 0.07370817, 0, -0.07370817, 0.99727976, 0, -89.389496, -510.45877)
size = Vector3(134.98071, 89.63721, 1110.0398)
material = ExtResource("1_s6hkt")

[node name="CSGBox3D12" type="CSGBox3D" parent="CSGCombiner3D"]
transform = Transform3D(1, 0, 0, 0, 0.4348067, 0.9005237, 0, -0.9005237, 0.4348067, 0, 7.037018, 37.15925)
size = Vector3(344.09863, 18.970703, 137.46497)
material = ExtResource("1_s6hkt")

[node name="CSGBox3D5" type="CSGBox3D" parent="CSGCombiner3D"]
transform = Transform3D(0.8660254, 0.49863988, 0.036854085, -0.5, 0.8636696, 0.06383315, 0, -0.07370817, 0.99727976, -409.6419, 147.50395, -521.4879)
size = Vector3(893.25244, 18.970703, 1126.9353)
material = ExtResource("1_s6hkt")

[node name="CSGBox3D6" type="CSGBox3D" parent="CSGCombiner3D"]
transform = Transform3D(0.8660255, -0.49864, -0.036854092, 0.4999809, 0.86428106, 0.05511051, 0.0043719937, -0.06615344, 0.9977998, 387.66907, 134.02472, -491.845)
size = Vector3(832.13525, 18.970703, 1070.3416)
material = ExtResource("1_s6hkt")

[node name="CSGBox3D7" type="CSGBox3D" parent="CSGCombiner3D"]
transform = Transform3D(0.6463394, 0.46687192, -0.60355246, -0.52729535, 0.84501076, 0.08897354, 0.5515477, 0.2607432, 0.7923432, -251.3513, 190.323, -1631.5707)
size = Vector3(1203.5566, 18.970703, 1936.096)
material = ExtResource("1_s6hkt")

[node name="CSGBox3D8" type="CSGBox3D" parent="CSGCombiner3D"]
transform = Transform3D(0.71802676, -0.3722157, -0.58812654, 0.49999997, 0.8636696, 0.063833185, 0.4841875, -0.33989727, 0.8062456, 1221.2162, 176.89001, -1609.4839)
size = Vector3(1586.9222, 18.970703, 2265.7625)
material = ExtResource("1_s6hkt")

[node name="CSGBox3D4" type="CSGBox3D" parent="CSGCombiner3D"]
transform = Transform3D(0.8037738, 0.04385157, -0.5933166, 0, 0.99727976, 0.07370817, 0.594935, -0.059244696, 0.80158734, 317.71915, -188.34961, -1479.9344)
size = Vector3(134.98071, 128.83301, 1528.3148)
material = ExtResource("1_s6hkt")

[node name="CSGBox3D9" type="CSGBox3D" parent="CSGCombiner3D"]
transform = Transform3D(0.8037738, 0.02035822, -0.59458655, 0, 0.99941427, 0.03421924, 0.594935, -0.027504522, 0.803303, 181.96518, -117.611755, -1244.7036)
size = Vector3(73.317505, 28.141602, 305.68793)
material = ExtResource("1_s6hkt")

[node name="CSGBox3D10" type="CSGBox3D" parent="CSGCombiner3D"]
transform = Transform3D(0.8037738, 0.02035822, -0.59458655, 0, 0.99941427, 0.03421924, 0.594935, -0.027504522, 0.803303, 467.08344, -123.22214, -1589.3306)
size = Vector3(127.25998, 37.951538, 320.3215)
material = ExtResource("1_s6hkt")

[node name="CSGBox3D11" type="CSGBox3D" parent="CSGCombiner3D"]
transform = Transform3D(0.1922603, 0.02035822, -0.9811326, 0.023083372, 0.99941427, 0.02526092, 0.98107237, -0.027504522, 0.19167775, 369.12973, -117.01759, -1436.3828)
size = Vector3(140.54463, 37.951538, 71.198296)
material = ExtResource("1_s6hkt")

[node name="CSGBox3D2" type="CSGBox3D" parent="CSGCombiner3D"]
transform = Transform3D(1, 0, 0, 0, 0.99994504, 0.010471783, 0, -0.010471783, 0.99994504, 62.08954, -91.57549, -597.4209)
size = Vector3(56.090942, 98.510254, 275.51657)
material = ExtResource("1_s6hkt")

[node name="CSGBox3D3" type="CSGBox3D" parent="CSGCombiner3D"]
transform = Transform3D(1, 0, 0, 0, 0.9999495, 0.010035475, 0, -0.010035475, 0.9999495, -18.301773, -76.917595, -378.3672)
size = Vector3(56.090942, 98.510254, 231.29501)
material = ExtResource("1_s6hkt")

[node name="CSGBox3D13" type="CSGBox3D" parent="CSGCombiner3D"]
transform = Transform3D(1, 0, 0, 0, 0.9911809, 0.13251589, 0, -0.13251589, 0.9911809, 732.10864, -345.69574, -2620.7917)
size = Vector3(220.02856, 180.48546, 1207.1235)
material = ExtResource("1_s6hkt")

[node name="CSGBox3D16" type="CSGBox3D" parent="CSGCombiner3D"]
transform = Transform3D(1, 0, 0, 0, 0.99733233, 0.07299452, 0, -0.07299452, 0.99733233, 695.5326, -300.9487, -2907.3066)
size = Vector3(145.84155, 47.433212, 644.92084)
material = ExtResource("1_s6hkt")

[node name="CSGBox3D15" type="CSGBox3D" parent="CSGCombiner3D"]
transform = Transform3D(0.9147694, -0.40397644, 0, 0.4004137, 0.9067019, 0.13251589, -0.053533293, -0.12122148, 0.9911809, 1577.835, 124.43959, -2208.8816)
size = Vector3(1630.1051, 10.860565, 2156.6528)
material = ExtResource("1_s6hkt")

[node name="CSGBox3D14" type="CSGBox3D" parent="CSGCombiner3D"]
transform = Transform3D(0.8692448, 0.4943819, 0, -0.49002188, 0.8615789, 0.13251589, 0.065513454, -0.115188755, 0.99118096, 118.04114, 61.60495, -2702.0193)
size = Vector3(1348.9846, 10.860565, 1156.5757)
material = ExtResource("1_s6hkt")

[node name="CSGBox3D23" type="CSGBox3D" parent="CSGCombiner3D"]
transform = Transform3D(1, 0, 0, 0, 0.9911809, 0.13251589, 0, -0.13251589, 0.9911809, 732.10864, -261.63126, -2632.0308)
size = Vector3(220.02856, 10.860565, 1207.1235)
material = ExtResource("1_s6hkt")

[node name="CSGBox3D24" type="CSGBox3D" parent="CSGCombiner3D"]
transform = Transform3D(1, 0, 0, 0, 0.99733233, 0.07299452, 0, -0.07299452, 0.99733233, 695.5326, -300.9487, -2907.3066)
size = Vector3(145.84155, 47.433212, 644.92084)
material = ExtResource("1_s6hkt")

[node name="CSGBox3D25" type="CSGBox3D" parent="CSGCombiner3D"]
transform = Transform3D(0.8692448, 0.4943819, 0, -0.49002188, 0.8615789, 0.13251589, 0.065513454, -0.115188755, 0.99118096, 636.234, -230.51743, -2662.964)
size = Vector3(156.70178, 10.860565, 1156.5757)
material = ExtResource("1_s6hkt")

[node name="CSGBox3D26" type="CSGBox3D" parent="CSGCombiner3D"]
transform = Transform3D(1, 0, 0, 0, 0.9911809, 0.13251589, 0, -0.13251589, 0.9911809, 732.10864, -1129.9298, -5432.259)
size = Vector3(220.02856, 10.860565, 1207.1235)
material = ExtResource("1_s6hkt")

[node name="CSGBox3D27" type="CSGBox3D" parent="CSGCombiner3D"]
transform = Transform3D(1, 0, 0, 0, 0.99733233, 0.07299452, 0, -0.07299452, 0.99733233, 695.5326, -1169.2473, -5707.5347)
size = Vector3(145.84155, 47.433212, 644.92084)
material = ExtResource("1_s6hkt")

[node name="CSGBox3D28" type="CSGBox3D" parent="CSGCombiner3D"]
transform = Transform3D(0.9147694, -0.40397644, 0, 0.4004137, 0.9067019, 0.13251589, -0.053533293, -0.12122148, 0.9911809, 1395.3696, -1187.5273, -7093.489)
size = Vector3(820.44214, 10.860565, 4555.1436)
material = ExtResource("1_s6hkt")

[node name="CSGBox3D30" type="CSGBox3D" parent="CSGCombiner3D"]
transform = Transform3D(1, 0, 0, 0, 0.9911809, 0.13251589, 0, -0.13251589, 0.9911809, 755.29895, -1424.7805, -7000.636)
size = Vector3(863.5199, 179.69151, 4394.3604)
material = ExtResource("1_s6hkt")

[node name="CSGBox3D32" type="CSGBox3D" parent="CSGCombiner3D"]
transform = Transform3D(1, 0, 0, 0, 0.9911809, 0.13251589, 0, -0.13251589, 0.9911809, 631.4235, -1009.1928, -4922.771)
size = Vector3(1402.828, 115.174545, 165.1355)
material = ExtResource("1_s6hkt")

[node name="CSGBox3D33" type="CSGBox3D" parent="CSGCombiner3D"]
transform = Transform3D(0.9009408, 0.43148974, -0.046068918, -0.42261904, 0.89656734, 0.13251592, 0.09848313, -0.099919386, 0.9901098, -15.876984, -1111.0754, -7080.5527)
size = Vector3(1308.6403, 10.860565, 4394.3604)
material = ExtResource("1_s6hkt")

[node name="CSGBox3D29" type="CSGBox3D" parent="CSGCombiner3D"]
transform = Transform3D(-0.08259076, -0.10831608, 0.9906798, 0.40041363, 0.9067019, 0.13251589, -0.9126048, 0.40762633, -0.03151405, -4333.613, -2261.0713, -11957.493)
size = Vector3(820.44214, 10.860565, 4952.0786)
material = ExtResource("1_s6hkt")

[node name="CSGBox3D40" type="CSGBox3D" parent="CSGCombiner3D"]
transform = Transform3D(-0.03179449, -0.1324489, 0.99067974, -6.1933414e-09, 0.9911809, 0.13251589, -0.99949443, 0.0042132773, -0.03151405, -4417.0737, -2524.6248, -11314.443)
size = Vector3(863.5199, 179.69151, 4394.3604)
material = ExtResource("1_s6hkt")

[node name="CSGBox3D42" type="CSGBox3D" parent="CSGCombiner3D"]
transform = Transform3D(-0.03179449, -0.06876408, 0.99712616, -6.170012e-09, 0.9976306, 0.06879886, -0.99949443, 0.0021874262, -0.031719107, -7562.341, -3179.6816, -11214.391)
size = Vector3(1193.5059, 780.7403, 4394.3604)
material = ExtResource("1_s6hkt")

[node name="CSGBox3D41" type="CSGBox3D" parent="CSGCombiner3D"]
transform = Transform3D(0.069788426, -0.11358787, 0.99107397, -0.42261904, 0.89656734, 0.1325159, -0.9036165, -0.4280947, 0.014565557, -4552.0176, -2221.561, -10542.286)
size = Vector3(1308.6403, 10.860565, 4233.7554)
material = ExtResource("1_s6hkt")

[node name="CSGBox3D31" type="CSGBox3D" parent="CSGCombiner3D"]
transform = Transform3D(1, 0, 0, 0, 0.99733233, 0.07299452, 0, -0.07299452, 0.99733233, 451.3487, -1169.2473, -5707.5347)
size = Vector3(634.20935, 47.433212, 644.92084)
material = ExtResource("1_s6hkt")

[node name="CSGBox3D17" type="CSGBox3D" parent="CSGCombiner3D"]
transform = Transform3D(1, 0, 0, 0, 0.9438875, 0.33026728, 0, -0.33026728, 0.9438875, 793.45276, -830.1947, -4058.5103)
size = Vector3(729.3649, 382.96985, 1888.5559)
material = ExtResource("1_s6hkt")

[node name="CSGBox3D20" type="CSGBox3D" parent="CSGCombiner3D"]
transform = Transform3D(1, 0, 0, 0, 0.9915494, 0.12973014, 0, -0.12973014, 0.9915494, 615.60724, -493.49997, -3479.8962)
size = Vector3(125.95422, 119.85219, 584.1211)
material = ExtResource("1_s6hkt")

[node name="CSGBox3D21" type="CSGBox3D" parent="CSGCombiner3D"]
transform = Transform3D(1, 0, 0, 0, 0.9915494, 0.12973014, 0, -0.12973014, 0.9915494, 970.4457, -610.30707, -3899.4893)
size = Vector3(125.95422, 119.85219, 584.1211)
material = ExtResource("1_s6hkt")

[node name="CSGBox3D22" type="CSGBox3D" parent="CSGCombiner3D"]
transform = Transform3D(1, 0, 0, 0, 0.9915494, 0.12973014, 0, -0.12973014, 0.9915494, 702.1723, -817.38965, -4510.0933)
size = Vector3(125.95422, 119.85219, 584.1211)
material = ExtResource("1_s6hkt")

[node name="CSGBox3D34" type="CSGBox3D" parent="CSGCombiner3D"]
transform = Transform3D(0.49383566, -0.06347278, 0.86723554, 0, 0.99733245, 0.07299454, -0.86955535, -0.036047306, 0.49251834, 492.79694, -1703.8804, -9607.706)
size = Vector3(145.84155, 47.433212, 644.92084)
material = ExtResource("1_s6hkt")

[node name="CSGBox3D35" type="CSGBox3D" parent="CSGCombiner3D"]
transform = Transform3D(0.40519556, -0.3049068, 0.86188656, 0.40041363, 0.9067019, 0.13251589, -0.82187915, 0.2914163, 0.48948047, -366.763, -1722.1604, -10900.6875)
size = Vector3(820.44214, 10.860565, 4555.1436)
material = ExtResource("1_s6hkt")

[node name="CSGBox3D36" type="CSGBox3D" parent="CSGCombiner3D"]
transform = Transform3D(0.49383566, -0.11522989, 0.86188656, 0, 0.9911809, 0.13251589, -0.86955523, -0.06544107, 0.4894805, -607.4306, -1913.6678, -10301.277)
size = Vector3(863.5199, 87.38634, 4394.3604)
material = ExtResource("1_s6hkt")

[node name="CSGBox3D39" type="CSGBox3D" parent="CSGCombiner3D"]
transform = Transform3D(0.49456048, 0.112078264, 0.86188656, -0.43299627, 0.8916018, 0.13251589, -0.7536074, -0.43873078, 0.4894805, -1310.1768, -1729.0254, -9846.291)
size = Vector3(863.5199, 10.860565, 3847.9878)
material = ExtResource("1_s6hkt")

[node name="CSGBox3D37" type="CSGBox3D" parent="CSGCombiner3D"]
transform = Transform3D(0.49383566, -0.11522989, 0.86188656, 0, 0.9911809, 0.13251589, -0.86955523, -0.06544107, 0.48948047, 1347.5273, -1543.8259, -9523.613)
size = Vector3(576.66486, 115.174545, 165.1355)
material = ExtResource("1_s6hkt")

[node name="CSGBox3D38" type="CSGBox3D" parent="CSGCombiner3D"]
transform = Transform3D(0.49383566, -0.06347278, 0.86723554, 0, 0.99733245, 0.07299454, -0.86955535, -0.036047306, 0.49251834, 372.21027, -1703.8804, -9395.375)
size = Vector3(634.20935, 47.433212, 644.92084)
material = ExtResource("1_s6hkt")

[node name="CSGBox3D19" type="CSGBox3D" parent="CSGCombiner3D"]
transform = Transform3D(0.95721424, -0.2839498, -0.055797726, 0.2860783, 0.8994903, 0.33026728, -0.04358977, -0.33209902, 0.9422366, 1914.7125, -431.63144, -4120.6465)
size = Vector3(2209.9954, 37.687775, 1890.5823)
material = ExtResource("1_s6hkt")

[node name="CSGBox3D18" type="CSGBox3D" parent="CSGCombiner3D"]
transform = Transform3D(0.9065207, 0.41845763, -0.055797726, -0.37875983, 0.8645603, 0.3302673, 0.18644336, -0.27826017, 0.9422368, -88.32266, -436.66913, -4237.4985)
size = Vector3(1940.1039, 37.687775, 1890.5823)
material = ExtResource("1_s6hkt")

[node name="WorldEnvironment" type="WorldEnvironment" parent="."]
environment = SubResource("Environment_8j60k")

[node name="DirectionalLight3D" type="DirectionalLight3D" parent="WorldEnvironment"]
transform = Transform3D(0.8660253, -0.12940955, 0.48296297, -0.482963, -0.46650642, 0.74102545, 0.12940955, -0.87500006, -0.46650645, 0, 3.2991993, 0)
shadow_enabled = true

[node name="Ramp" parent="." instance=ExtResource("4_8j60k")]
transform = Transform3D(3, 0, 0, 0, 3, 0, 0, 0, 3, 0, 1319.5173, -218.72495)

[node name="Ramp4" parent="." instance=ExtResource("4_8j60k")]
transform = Transform3D(3, 0, 0, 0, 3, 0, 0, 0, 3, -14.026733, 1313.2025, -486.31018)

[node name="Ramp3" parent="." instance=ExtResource("4_8j60k")]
transform = Transform3D(3, 0, 0, 0, 3, 0, 0, 0, 3, 44.52045, 1298.734, -727.97955)

[node name="Ramp5" parent="." instance=ExtResource("4_8j60k")]
transform = Transform3D(2.391646, 0, -1.8110852, 0, 3, 0, 1.8110852, 0, 2.391646, 333.4013, 1213.3141, -1558.3414)

[node name="Ramp6" parent="." instance=ExtResource("4_8j60k")]
transform = Transform3D(2.391646, 0, -1.8110852, 0, 3, 0, 1.8110852, 0, 2.391646, 227.86313, 1235.7979, -1321.8722)

[node name="SubViewport" type="SubViewport" parent="."]
handle_input_locally = false
oversampling = false
oversampling_override = 16.0
size = Vector2i(1152, 648)
render_target_update_mode = 4

[node name="Camera3D" type="Camera3D" parent="SubViewport"]
transform = Transform3D(1, 0, 0, 0, 0.8660254, 0.49999997, 0, -0.49999997, 0.8660254, 0, 6.5402436, 5.2124605)
script = ExtResource("3_5a7ea")
followspd = 20.0

[node name="RaceUI" parent="SubViewport" instance=ExtResource("5_fo5ed")]

[node name="SubViewport2" type="SubViewport" parent="."]
handle_input_locally = false
oversampling = false
oversampling_override = 16.0
size = Vector2i(1152, 648)
render_target_update_mode = 4

[node name="Camera3D" type="Camera3D" parent="SubViewport2"]
transform = Transform3D(1, 0, 0, 0, 0.8660254, 0.49999997, 0, -0.49999997, 0.8660254, 0, 6.5402436, 5.2124605)
script = ExtResource("3_5a7ea")
followspd = 20.0

[node name="RaceUI" parent="SubViewport2" instance=ExtResource("5_fo5ed")]

[node name="SubViewport3" type="SubViewport" parent="."]
handle_input_locally = false
oversampling = false
oversampling_override = 16.0
size = Vector2i(1152, 648)
render_target_update_mode = 4

[node name="Camera3D" type="Camera3D" parent="SubViewport3"]
transform = Transform3D(1, 0, 0, 0, 0.8660254, 0.49999997, 0, -0.49999997, 0.8660254, 0, 6.5402436, 5.2124605)
script = ExtResource("3_5a7ea")
followspd = 20.0

[node name="RaceUI" parent="SubViewport3" instance=ExtResource("5_fo5ed")]

[node name="SubViewport4" type="SubViewport" parent="."]
handle_input_locally = false
oversampling = false
oversampling_override = 16.0
size = Vector2i(1152, 648)
render_target_update_mode = 4

[node name="Camera3D" type="Camera3D" parent="SubViewport4"]
transform = Transform3D(1, 0, 0, 0, 0.8660254, 0.49999997, 0, -0.49999997, 0.8660254, 0, 6.5402436, 5.2124605)
script = ExtResource("3_5a7ea")
followspd = 20.0

[node name="RaceUI" parent="SubViewport4" instance=ExtResource("5_fo5ed")]

[node name="FillerBG" type="TextureRect" parent="."]
anchors_preset = 15
anchor_right = 1.0
anchor_bottom = 1.0
offset_left = -820.0
offset_top = -2851.0
offset_right = 3572.0
offset_bottom = 738.0
grow_horizontal = 2
grow_vertical = 2
texture = ExtResource("5_540df")
stretch_mode = 1
script = ExtResource("6_s6hkt")

[node name="GridContainer" type="GridContainer" parent="."]
anchors_preset = 15
anchor_right = 1.0
anchor_bottom = 1.0
grow_horizontal = 2
grow_vertical = 2
theme_override_constants/h_separation = 0
theme_override_constants/v_separation = 0
columns = 2

[node name="SplitscreenRect1" type="TextureRect" parent="GridContainer"]
layout_mode = 2
size_flags_horizontal = 3
size_flags_vertical = 3
texture = SubResource("ViewportTexture_540df")
expand_mode = 1

[node name="SplitscreenRect2" type="TextureRect" parent="GridContainer"]
layout_mode = 2
size_flags_horizontal = 3
size_flags_vertical = 3
texture = SubResource("ViewportTexture_s6hkt")
expand_mode = 1

[node name="SplitscreenRect3" type="TextureRect" parent="GridContainer"]
layout_mode = 2
size_flags_horizontal = 3
size_flags_vertical = 3
texture = SubResource("ViewportTexture_jdjlm")
expand_mode = 1

[node name="SplitscreenRect4" type="TextureRect" parent="GridContainer"]
layout_mode = 2
size_flags_horizontal = 3
size_flags_vertical = 3
texture = SubResource("ViewportTexture_tjfqf")
expand_mode = 1

[node name="PlayerInit" type="Node" parent="." node_paths=PackedStringArray("netplayerContainer")]
script = ExtResource("6_540df")
netplayerContainer = NodePath("../NetPlayers")

[node name="Ramp7" parent="." instance=ExtResource("4_8j60k")]
transform = Transform3D(2, 0, 0, 0, 2, 0, 0, 0, 2, 726.02325, 1072.9679, -2791.0735)

[node name="Ramp2" parent="." instance=ExtResource("4_8j60k")]
transform = Transform3D(3, 0, 0, 0, 3, 0, 0, 0, 3, 808.2727, 1096.0724, -2567.1555)

[node name="Ramp11" parent="." instance=ExtResource("4_8j60k")]
transform = Transform3D(3, 0, 0, 0, 3, 0, 0, 0, 3, 790.17566, 1109.2257, -2467.0137)

[node name="Ramp8" parent="." instance=ExtResource("4_8j60k")]
transform = Transform3D(2, 0, 0, 0, 2, 0, 0, 0, 2, 815.0634, 1037.0662, -2995.4844)

[node name="Ramp9" parent="." instance=ExtResource("4_8j60k")]
transform = Transform3D(3, 0, 0, 0, 3, 0, 0, 0, 3, 699.48773, 1049.7598, -3124.8984)

[node name="Ramp10" parent="." instance=ExtResource("4_8j60k")]
transform = Transform3D(3, 0, 0, 0, 3, 0, 0, 0, 3, 752.3922, 1045.6158, -3186.9817)

[node name="Ramp12" parent="." instance=ExtResource("4_8j60k")]
transform = Transform3D(1.5741715, 0, -1.2336872, 0, 2, 0, 1.2336872, 0, 1.5741715, 591.5286, 1182.0897, -1878.2225)

[node name="Ramp20" parent="." instance=ExtResource("4_8j60k")]
transform = Transform3D(3, 0, 0, 0, 3, 0, 0, 0, 3, 726.02325, 1074.5342, -2791.0735)

[node name="Ramp21" parent="." instance=ExtResource("4_8j60k")]
transform = Transform3D(2, 0, 0, 0, 2, 0, 0, 0, 2, 808.2727, 1094.1895, -2567.1555)

[node name="Ramp22" parent="." instance=ExtResource("4_8j60k")]
transform = Transform3D(2, 0, 0, 0, 2, 0, 0, 0, 2, 790.17566, 1107.3427, -2467.0137)

[node name="Ramp23" parent="." instance=ExtResource("4_8j60k")]
transform = Transform3D(3, 0, 0, 0, 3, 0, 0, 0, 3, 815.0634, 1038.9492, -2995.4844)

[node name="Ramp24" parent="." instance=ExtResource("4_8j60k")]
transform = Transform3D(2, 0, 0, 0, 2, 0, 0, 0, 2, 699.48773, 1048.5354, -3124.8984)

[node name="Ramp25" parent="." instance=ExtResource("4_8j60k")]
transform = Transform3D(2, 0, 0, 0, 2, 0, 0, 0, 2, 752.3922, 1043.3329, -3186.9817)

[node name="Ramp26" parent="." instance=ExtResource("4_8j60k")]
transform = Transform3D(2.3612573, 0, -1.8505307, 0, 3, 0, 1.8505307, 0, 2.3612573, 591.5286, 1182.9159, -1878.2225)

[node name="Ramp27" parent="." instance=ExtResource("4_8j60k")]
transform = Transform3D(4, 0, 0, 0, 4, 0, 0, 0, 4, 726.02325, 206.28967, -5591.302)

[node name="Ramp28" parent="." instance=ExtResource("4_8j60k")]
transform = Transform3D(2, 0, 0, 0, 2, 0, 0, 0, 2, 808.2727, 225.89087, -5367.384)

[node name="Ramp29" parent="." instance=ExtResource("4_8j60k")]
transform = Transform3D(2, 0, 0, 0, 2, 0, 0, 0, 2, 790.17566, 239.04407, -5267.2417)

[node name="Ramp30" parent="." instance=ExtResource("4_8j60k")]
transform = Transform3D(2, 0, 0, 0, 2, 0, 0, 0, 2, 815.0634, 168.76758, -5795.7124)

[node name="Ramp33" parent="." instance=ExtResource("4_8j60k")]
transform = Transform3D(1.5741715, 0, -1.2336872, 0, 2, 0, 1.2336872, 0, 1.5741715, 591.5286, 313.79114, -4678.4507)

[node name="Ramp34" parent="." instance=ExtResource("4_8j60k")]
transform = Transform3D(2, 0, 0, 0, 2, 0, 0, 0, 2, 726.02325, 204.66931, -5591.302)

[node name="Ramp35" parent="." instance=ExtResource("4_8j60k")]
transform = Transform3D(4, 0, 0, 0, 4, 0, 0, 0, 4, 808.2727, 227.51123, -5367.384)

[node name="Ramp36" parent="." instance=ExtResource("4_8j60k")]
transform = Transform3D(4, 0, 0, 0, 4, 0, 0, 0, 4, 790.17566, 240.66443, -5267.2417)

[node name="Ramp37" parent="." instance=ExtResource("4_8j60k")]
transform = Transform3D(4, 0, 0, 0, 4, 0, 0, 0, 4, 815.0634, 170.38794, -5795.7124)

[node name="Ramp42" parent="." instance=ExtResource("4_8j60k")]
transform = Transform3D(4, 0, 0, 0, 4, 0, 0, 0, 4, 955.3699, 107.14673, -6277.7363)

[node name="Ramp43" parent="." instance=ExtResource("4_8j60k")]
transform = Transform3D(4, 0, 0, 0, 4, 0, 0, 0, 4, 681.4421, 51.611816, -6693.121)

[node name="Ramp44" parent="." instance=ExtResource("4_8j60k")]
transform = Transform3D(4, 0, 0, 0, 4, 0, 0, 0, 4, 934.9512, 26.099121, -6883.9497)

[node name="Ramp45" parent="." instance=ExtResource("4_8j60k")]
transform = Transform3D(4, 0, 0, 0, 4, 0, 0, 0, 4, 852.34753, -44.69214, -7413.448)

[node name="Ramp46" parent="." instance=ExtResource("4_8j60k")]
transform = Transform3D(4, 0, 0, 0, 4, 0, 0, 0, 4, 814.4793, -118.26111, -7963.723)

[node name="Ramp48" parent="." instance=ExtResource("4_8j60k")]
transform = Transform3D(4, 0, 0, 0, 4, 0, 0, 0, 4, 860.4221, -192.80542, -8521.293)

[node name="Ramp38" parent="." instance=ExtResource("4_8j60k")]
transform = Transform3D(5, 0, 0, 0, 2, 0, 0, 0, 2, 699.48773, 180.39795, -5925.1265)

[node name="Ramp41" parent="." instance=ExtResource("4_8j60k")]
transform = Transform3D(5, 0, 0, 0, 2, 0, 0, 0, 2, 458.62592, 175.1156, -6001.93)

[node name="Ramp39" parent="." instance=ExtResource("4_8j60k")]
transform = Transform3D(5, 0, 0, 0, 2, 0, 0, 0, 2, 752.3922, 175.854, -5987.21)

[node name="Ramp40" parent="." instance=ExtResource("4_8j60k")]
transform = Transform3D(1.5741715, 0, -1.2336872, 0, 2, 0, 1.2336872, 0, 1.5741715, 591.5286, 313.79114, -4678.4507)

[node name="Ramp13" parent="." instance=ExtResource("4_8j60k")]
transform = Transform3D(10, 0, 0, 0, 2, 0, 0, 0, 5, 605.46173, 877.03894, -3727.1204)

[node name="Ramp14" parent="." instance=ExtResource("4_8j60k")]
transform = Transform3D(10, 0, 0, 0, 2, 0, 0, 0, 5, 968.74744, 756.74005, -4173.4023)

[node name="Ramp15" parent="." instance=ExtResource("4_8j60k")]
transform = Transform3D(10, 0, 0, 0, 2, 0, 0, 0, 5, 701.2468, 551.7008, -4768.3877)

[node name="Ramp16" parent="." instance=ExtResource("4_8j60k")]
transform = Transform3D(10, 0, 0, 0, 2, 0, 0, 0, 5, 854.91254, 926.0094, -3464.434)

[node name="Ramp17" parent="." instance=ExtResource("4_8j60k")]
transform = Transform3D(10, 0, 0, 0, 2, 0, 0, 0, 5, 736.10425, 783.4284, -3874.642)

[node name="Ramp18" parent="." instance=ExtResource("4_8j60k")]
transform = Transform3D(10, 0, 0, 0, 2, 0, 0, 0, 5, 891.62305, 528.77673, -4599.705)

[node name="Ramp31" parent="." instance=ExtResource("4_8j60k")]
transform = Transform3D(0.9876713, 0, 1.7391105, 0, 2, 0, -1.7391105, 0, 0.9876713, 608.92487, -329.96375, -9576.82)

[node name="Ramp32" parent="." instance=ExtResource("4_8j60k")]
transform = Transform3D(0.9876713, 0, 1.7391105, 0, 2, 0, -1.7391105, 0, 0.9876713, 844.2516, -308.7422, -9537.762)

[node name="Ramp47" parent="." instance=ExtResource("4_8j60k")]
transform = Transform3D(1.9753426, 0, 3.478221, 0, 4, 0, -3.478221, 0, 1.9753426, 922.3941, -291.34875, -9472.571)

[node name="Ramp49" parent="." instance=ExtResource("4_8j60k")]
transform = Transform3D(1.9753426, 0, 3.478221, 0, 4, 0, -3.478221, 0, 1.9753426, 475.15015, -362.46033, -9755.19)

[node name="Ramp51" parent="." instance=ExtResource("4_8j60k")]
transform = Transform3D(1.9753426, 0, 3.478221, 0, 4, 0, -3.478221, 0, 1.9753426, 608.92487, -327.06653, -9576.82)

[node name="Ramp52" parent="." instance=ExtResource("4_8j60k")]
transform = Transform3D(1.9753426, 0, 3.478221, 0, 4, 0, -3.478221, 0, 1.9753426, 844.2516, -304.99963, -9537.762)

[node name="Ramp53" parent="." instance=ExtResource("4_8j60k")]
transform = Transform3D(1.9753426, 0, 3.478221, 0, 4, 0, -3.478221, 0, 1.9753426, 922.3941, -291.34875, -9472.571)

[node name="Ramp55" parent="." instance=ExtResource("4_8j60k")]
transform = Transform3D(1.9753426, 0, 3.478221, 0, 4, 0, -3.478221, 0, 1.9753426, 125.291626, -426.359, -10115.235)

[node name="Ramp56" parent="." instance=ExtResource("4_8j60k")]
transform = Transform3D(1.9753426, 0, 3.478221, 0, 4, 0, -3.478221, 0, 1.9753426, -371.18365, -481.89392, -10082.172)

[node name="Ramp57" parent="." instance=ExtResource("4_8j60k")]
transform = Transform3D(1.9753426, 0, 3.478221, 0, 4, 0, -3.478221, 0, 1.9753426, -411.92828, -507.40662, -10396.851)

[node name="Ramp58" parent="." instance=ExtResource("4_8j60k")]
transform = Transform3D(1.9753426, 0, 3.478221, 0, 4, 0, -3.478221, 0, 1.9753426, -913.14874, -578.1979, -10586.507)

[node name="Ramp59" parent="." instance=ExtResource("4_8j60k")]
transform = Transform3D(1.9753426, 0, 3.478221, 0, 4, 0, -3.478221, 0, 1.9753426, -1410.3442, -651.76697, -10825.324)

[node name="Ramp60" parent="." instance=ExtResource("4_8j60k")]
transform = Transform3D(1.9753426, 0, 3.478221, 0, 4, 0, -3.478221, 0, 1.9753426, -1872.4937, -726.3113, -11140.621)

[node name="Ramp61" parent="." instance=ExtResource("4_8j60k")]
transform = Transform3D(1.9753426, 0, 3.478221, 0, 4, 0, -3.478221, 0, 1.9753426, 305.54208, -351.48743, -9718.601)

[node name="Ramp62" parent="." instance=ExtResource("4_8j60k")]
transform = Transform3D(1.9753426, 0, 3.478221, 0, 4, 0, -3.478221, 0, 1.9753426, 119.81, -357.14075, -9547.087)

[node name="Ramp63" parent="." instance=ExtResource("4_8j60k")]
transform = Transform3D(1.9753426, 0, 3.478221, 0, 4, 0, -3.478221, 0, 1.9753426, 277.68274, -356.03137, -9795.263)

[node name="Music" type="AudioStreamPlayer" parent="."]
stream = ExtResource("8_jdjlm")
volume_db = -10.0

[node name="Ramp19" parent="." instance=ExtResource("4_8j60k")]
transform = Transform3D(14.437137, 0, -6.920424, 0, 2, 0, 13.840848, 0, 7.2185683, 476.13492, 1237.1799, -1610.028)

[node name="Ramp50" parent="." instance=ExtResource("4_8j60k")]
transform = Transform3D(0.07253184, 0, 3.9993424, 0, 4, 0, -3.9993424, 0, 0.07253184, -2784.3545, -869.5217, -11493.888)

[node name="Ramp54" parent="." instance=ExtResource("4_8j60k")]
transform = Transform3D(0.07253184, 0, 3.9993424, 0, 4, 0, -3.9993424, 0, 0.07253184, -3062.1191, -907.8618, -11206.149)

[node name="Ramp64" parent="." instance=ExtResource("4_8j60k")]
transform = Transform3D(0.07253184, 0, 3.9993424, 0, 4, 0, -3.9993424, 0, 0.07253184, -3279.698, -935.907, -11448.265)

[node name="Ramp67" parent="." instance=ExtResource("4_8j60k")]
transform = Transform3D(0.07253184, 0, 3.9993424, 0, 4, 0, -3.9993424, 0, 0.07253184, -3593.2888, -978.54443, -11275.802)

[node name="Ramp65" parent="." instance=ExtResource("4_8j60k")]
transform = Transform3D(0.07253184, 0, 3.9993424, 0, 4, 0, -3.9993424, 0, 0.07253184, -2929.206, -889.3513, -11382.4795)

[node name="Ramp66" parent="." instance=ExtResource("4_8j60k")]
transform = Transform3D(2.5386147, 0, 19.996712, 0, 10, 0, -139.977, 0, 0.36265922, -3963.893, -1013.74, -11319.278)

[node name="Ramp68" parent="." instance=ExtResource("4_8j60k")]
transform = Transform3D(2.5386145, 0, 19.996712, 0, 10, 0, -139.97699, 0, 0.36265922, -4343.576, -1067.9944, -11319.278)

[node name="Ramp69" parent="." instance=ExtResource("4_8j60k")]
transform = Transform3D(2.5386147, 0, 19.996712, 0, 10, 0, -139.977, 0, 0.36265922, -4669.618, -1109.4844, -11319.278)

[node name="SpawnPos" type="Node3D" parent="."]
transform = Transform3D(1, 0, 0, 0, 1, 0, 0, 0, 1, -1.3218555, 1333.5206, -3.6656003)

[node name="Checkpoints" type="Node" parent="."]

[node name="Checkpoint" type="Area3D" parent="Checkpoints"]
transform = Transform3D(1, 0, 0, 0, 1, 0, 0, 0, 1, 6.1035156e-05, 1250.8567, -1062.1206)
collision_layer = 0
collision_mask = 2
script = ExtResource("9_j4uft")
checkpointNum = 1

[node name="CollisionShape3D" type="CollisionShape3D" parent="Checkpoints/Checkpoint"]
transform = Transform3D(1, 0, 0, 0, 1, 0, 0, 0, 1, 20.677734, 82.10608, 0.23547363)
shape = SubResource("BoxShape3D_x6fwp")

[node name="Checkpoint2" type="Area3D" parent="Checkpoints"]
transform = Transform3D(1, 0, 0, 0, 1, 0, 0, 0, 1, 736.54645, 1086.5336, -2658.967)
collision_layer = 0
collision_mask = 2
script = ExtResource("9_j4uft")
checkpointNum = 2

[node name="CollisionShape3D" type="CollisionShape3D" parent="Checkpoints/Checkpoint2"]
transform = Transform3D(1, 0, 0, 0, 1, 0, 0, 0, 1, 20.677734, 82.10608, 0.23547363)
shape = SubResource("BoxShape3D_x6fwp")

[node name="Checkpoint3" type="Area3D" parent="Checkpoints"]
transform = Transform3D(1, 0, 0, 0, 1, 0, 0, 0, 1, 736.54645, 274.8552, -5131.0996)
collision_layer = 0
collision_mask = 2
script = ExtResource("9_j4uft")
checkpointNum = 3

[node name="CollisionShape3D" type="CollisionShape3D" parent="Checkpoints/Checkpoint3"]
transform = Transform3D(1, 0, 0, 0, 1, 0, 0, 0, 1, 20.677734, 82.10608, 0.23547363)
shape = SubResource("BoxShape3D_x6fwp")

[node name="Checkpoint4" type="Area3D" parent="Checkpoints"]
transform = Transform3D(1, 0, 0, 0, 1, 0, 0, 0, 1, 816.6712, -247.82903, -8945.725)
collision_layer = 0
collision_mask = 2
script = ExtResource("9_j4uft")
checkpointNum = 4

[node name="CollisionShape3D" type="CollisionShape3D" parent="Checkpoints/Checkpoint4"]
transform = Transform3D(1, 0, 0, 0, 1, 0, 0, 0, 1, 20.677734, 82.10608, 0.23547363)
shape = SubResource("BoxShape3D_x6fwp")

[node name="Checkpoint5" type="Area3D" parent="Checkpoints"]
transform = Transform3D(-0.22013569, 0, 0.97546935, 0, 1, 0, -0.97546935, 0, -0.22013569, -3842.6484, -1010.51685, -11301.581)
collision_layer = 0
collision_mask = 2
script = ExtResource("9_j4uft")
checkpointNum = 5

[node name="CollisionShape3D" type="CollisionShape3D" parent="Checkpoints/Checkpoint5"]
transform = Transform3D(1, 0, 0, 0, 1, 0, 0, 0, 1, 20.677734, 82.10608, 0.23547363)
shape = SubResource("BoxShape3D_x6fwp")

[node name="Checkpoint6" type="Area3D" parent="Checkpoints"]
transform = Transform3D(-0.22013569, 0, 0.97546935, 0, 1, 0, -0.97546935, 0, -0.22013569, -6982.6294, -1401.3143, -11301.581)
collision_layer = 0
collision_mask = 2
script = ExtResource("9_j4uft")
checkpointNum = 6

[node name="CollisionShape3D" type="CollisionShape3D" parent="Checkpoints/Checkpoint6"]
transform = Transform3D(1, 0, 0, 0, 1, 0, 0, 0, 1, 20.677734, 82.10608, 0.23547363)
shape = SubResource("BoxShape3D_x6fwp")

[node name="Deathplane" type="Area3D" parent="."]
collision_layer = 0
collision_mask = 2
script = ExtResource("10_x6fwp")

[node name="CollisionShape3D" type="CollisionShape3D" parent="Deathplane"]
transform = Transform3D(1, 0, 0, 0, 1, 0, 0, 0, 1, 0, 509.1394, 1176.5342)
shape = SubResource("BoxShape3D_j4uft")

[node name="CollisionShape3D2" type="CollisionShape3D" parent="Deathplane"]
transform = Transform3D(1, 0, 0, 0, 1, 0, 0, 0, 1, -0.00012207031, -1415.8925, -3724.6455)
shape = SubResource("BoxShape3D_j4uft")

[node name="CollisionShape3D3" type="CollisionShape3D" parent="Deathplane"]
transform = Transform3D(1, 0, 0, 0, 1, 0, 0, 0, 1, -2029.007, -2769.8271, -10644.397)
shape = SubResource("BoxShape3D_j4uft")

[node name="CollisionShape3D4" type="CollisionShape3D" parent="Deathplane"]
transform = Transform3D(1, 0, 0, 0, 1, 0, 0, 0, 1, -8899.446, -2769.8271, -10644.397)
shape = SubResource("BoxShape3D_7n0ub")

[node name="CollisionShape3D5" type="CollisionShape3D" parent="Deathplane"]
transform = Transform3D(1, 0, 0, 0, 1, 0, 0, 0, 1, -8899.446, -4808.8936, -10644.397)
shape = SubResource("BoxShape3D_45hrh")

[node name="NetPlayers" type="Node" parent="."]

[connection signal="body_entered" from="Checkpoints/Checkpoint" to="Checkpoints/Checkpoint" method="_on_body_entered"]
[connection signal="body_entered" from="Checkpoints/Checkpoint2" to="Checkpoints/Checkpoint2" method="_on_body_entered"]
[connection signal="body_entered" from="Checkpoints/Checkpoint3" to="Checkpoints/Checkpoint3" method="_on_body_entered"]
[connection signal="body_entered" from="Checkpoints/Checkpoint4" to="Checkpoints/Checkpoint4" method="_on_body_entered"]
[connection signal="body_entered" from="Checkpoints/Checkpoint5" to="Checkpoints/Checkpoint5" method="_on_body_entered"]
[connection signal="body_entered" from="Checkpoints/Checkpoint6" to="Checkpoints/Checkpoint6" method="_on_body_entered"]
[connection signal="body_entered" from="Deathplane" to="Deathplane" method="_on_body_entered"]
